Iteration;Time;TD-0;TD-1;TD-2;TD-3;TD-4;TD-5;TD-6;TD-7;TD-8;
2140;0,79;0;4;0;4;4;0;0;4;0
3640;1,018;0;3;0;3;3;0;4;3;0
5202;1,103;0;2;0;2;2;0;3;2;0
6792;1,283;0;1;0;1;1;0;2;1;0
8292;1,429;0;0;0;0;0;0;1;0;0
10388;1,589;4;0;0;5;0;0;0;5;0
11888;1,688;3;0;0;4;4;0;5;4;0
13388;1,841;2;0;0;3;3;0;4;3;0
14946;1,912;1;0;0;2;2;0;3;2;0
16446;1,977;0;0;0;1;1;0;2;1;0
17946;2,043;0;0;0;0;0;0;1;0;4
19946;2,148;0;0;4;6;0;0;0;0;3
21484;2,204;0;0;3;5;0;0;0;4;2
22984;2,264;0;0;2;4;4;0;4;3;1
23984;2,305;0;0;1;3;3;0;3;2;0
25484;2,375;0;0;0;2;2;0;2;1;0
26984;2,47;4;0;0;1;1;0;1;0;0
28522;2,523;3;0;0;0;0;0;0;0;4
30522;2,6;2;0;4;7;0;0;0;4;3
32022;2,654;1;0;3;6;0;0;0;3;2
33522;2,708;0;0;2;5;0;0;0;2;1
35022;2,767;5;0;1;4;0;0;0;1;0
36522;2,826;4;4;0;3;0;0;0;0;0
38046;2,892;3;3;0;2;0;0;0;0;4
39546;2,963;2;2;0;1;0;0;0;4;3
41046;3,016;1;1;0;0;0;0;0;3;2
42546;3,072;0;0;0;8;0;0;4;2;1
44046;3,127;0;0;0;7;4;0;3;1;0
45546;3,187;0;0;0;6;3;0;2;0;5
47046;3,243;0;0;0;5;2;0;1;5;4
48570;3,321;0;0;0;4;1;0;0;4;3
50070;3,373;0;0;4;3;0;0;0;3;2
51570;3,452;0;4;3;2;0;0;0;2;1
53070;3,535;0;3;2;1;0;0;4;1;0
54570;3,582;0;2;1;0;0;0;3;0;0
56070;3,637;0;1;0;0;4;0;2;6;0
57570;3,716;0;0;0;4;3;4;1;5;0
59070;3,771;0;0;0;3;2;3;0;4;0
60599;3,834;0;0;4;2;1;2;0;3;0
62099;3,878;0;0;3;1;0;1;4;2;0
63599;3,935;0;0;2;0;0;0;3;1;0
65099;3,983;0;0;1;0;4;0;2;0;0
66599;4,074;0;0;0;4;3;0;1;7;4
68099;4,12;0;0;0;3;2;0;0;6;3
69599;4,166;0;0;0;2;1;0;5;5;2
71099;4,211;0;0;0;1;0;0;4;4;1
72599;4,256;0;0;0;0;5;0;3;3;0
74123;4,307;0;0;0;0;4;4;2;2;0
75623;4,355;0;0;4;0;3;3;1;1;0
77123;4,402;0;0;3;0;2;2;0;0;0
78623;4,456;0;0;2;0;1;1;0;0;4
80123;4,51;4;0;1;0;0;0;0;4;3
81623;4,559;3;0;0;0;0;0;4;3;2
83123;4,604;2;0;0;0;4;0;3;2;1
84623;4,65;1;0;0;0;3;0;2;1;0
86123;4,696;0;0;0;0;2;0;1;0;5
87623;4,744;5;0;0;0;1;0;0;0;4
89150;4,796;4;0;0;0;0;0;0;4;3
90650;4,845;3;4;0;0;5;0;4;3;2
91650;4,879;2;3;0;0;4;0;3;2;1
92650;4,906;1;2;0;0;3;0;2;1;0
94150;4,95;0;1;0;0;2;0;1;0;0
95650;4,999;0;0;0;0;1;0;0;5;0
97650;5,066;0;0;0;0;0;4;5;4;0
99150;5,113;0;0;0;4;0;3;4;3;0
100650;5,16;0;4;0;3;4;2;3;2;0
101650;5,198;0;3;0;2;3;1;2;1;0
102650;5,226;0;2;0;1;2;0;1;0;0
104178;5,331;0;1;0;0;1;5;0;0;0
105678;5,431;0;0;0;0;0;4;0;4;0
107678;5,562;0;0;0;0;5;3;4;3;0
109178;5,654;4;0;0;0;4;2;3;2;0
110678;5,726;3;0;0;0;3;1;2;1;0
112178;5,817;2;0;0;0;2;0;1;0;0
113678;5,891;1;0;0;0;1;0;0;5;0
115178;5,981;0;0;0;0;0;0;0;4;4
117178;6,106;5;0;0;0;0;0;4;3;3
118678;6,178;4;0;0;0;0;4;3;2;2
120178;6,26;3;0;0;0;0;3;2;1;1
121701;6,349;2;0;0;0;0;2;1;0;0
123201;6,393;1;0;0;0;0;1;0;0;5
124701;6,443;0;0;0;0;4;0;0;4;4
126201;6,486;0;0;4;0;3;0;4;3;3
127701;6,525;0;0;3;0;2;0;3;2;2
129201;6,564;0;0;2;0;1;0;2;1;1
130701;6,655;0;0;1;0;0;0;1;0;0
132701;6,763;4;0;0;0;0;4;0;0;0
134701;6,887;3;0;0;4;0;3;0;4;4
136201;6,983;2;0;0;3;0;2;4;3;3
137201;7,045;1;0;0;2;0;1;3;2;2
138216;7,118;0;0;0;1;0;0;2;1;1
139716;7,233;0;0;4;0;4;0;1;0;0
141216;7,33;0;0;3;0;3;0;0;5;0
142716;7,439;0;0;2;0;2;0;5;4;4
144216;7,559;0;0;1;0;1;0;4;3;3
145716;7,677;0;0;0;0;0;0;3;2;2
147216;7,82;0;0;0;0;0;4;2;1;1
148716;7,977;0;0;0;0;4;3;1;0;0
150216;8,043;4;0;0;0;3;2;0;0;0
151716;8,097;3;0;0;0;2;1;0;4;4
153216;8,162;2;0;0;0;1;0;4;3;3
154739;8,201;1;0;0;0;0;0;3;2;2
156239;8,254;0;0;0;0;5;0;2;1;1
157739;8,293;5;0;0;0;4;0;1;0;0
159239;8,334;4;0;0;0;3;0;0;5;0
160739;8,377;3;0;0;0;2;0;0;4;4
162239;8,417;2;0;0;4;1;0;4;3;3
163239;8,441;1;0;0;3;0;0;3;2;2
164739;8,479;0;0;0;2;0;0;2;1;1
166239;8,547;0;0;0;1;4;0;1;0;0
167739;8,622;0;0;0;0;3;0;0;6;0
169739;8,739;0;4;0;0;2;0;5;5;0
171267;8,833;4;3;0;0;1;0;4;4;0
172767;8,923;3;2;0;0;0;0;3;3;0
174267;8,999;2;1;0;0;0;0;2;2;4
175767;9,045;1;0;0;0;0;0;1;1;3
177267;9,087;0;0;0;4;0;0;0;0;2
179267;9,159;0;0;4;3;0;0;0;7;1
180767;9,203;0;4;3;2;0;0;0;6;0
182267;9,244;0;3;2;1;4;0;4;5;0
183267;9,27;0;2;1;0;3;0;3;4;0
184767;9,31;0;1;0;0;2;0;2;3;0
186267;9,359;0;0;0;0;1;4;1;2;0
187796;9,408;0;0;0;4;0;3;0;1;0
189296;9,455;4;0;0;3;0;2;0;0;0
190796;9,528;3;0;0;2;0;1;0;8;0
192296;9,582;2;0;0;1;0;0;0;99;4
193796;9,629;1;0;0;0;4;0;4;99;3
195296;9,674;0;0;0;0;3;0;3;99;2
196796;9,717;0;4;0;0;2;0;2;99;1
198296;9,758;0;3;0;0;1;0;1;99;0
199796;9,843;0;2;0;0;0;0;0;99;5
201296;9,942;0;1;0;0;5;0;0;99;4
202796;10,032;4;0;0;0;4;0;4;99;3
204324;10,132;3;0;0;0;3;0;3;99;2
205824;10,205;2;0;0;0;2;0;2;99;1
207324;10,297;1;0;0;0;1;0;1;99;0
208824;10,388;0;0;0;0;0;0;0;99;6
210824;10,52;5;0;0;4;0;0;0;99;5
212324;10,6;4;0;4;3;0;0;0;99;4
213824;10,686;3;0;3;2;0;0;0;99;3
215324;10,777;2;0;2;1;0;0;0;99;2
216824;10,868;1;0;1;0;0;0;0;99;1
218324;10,918;0;0;0;0;0;4;0;99;0
220324;10,985;6;4;0;0;0;3;0;99;0
221848;11,035;5;3;0;0;0;2;0;99;4
223348;11,097;4;2;0;0;0;1;0;99;3
224848;11,157;3;1;0;0;0;0;0;99;2
226348;11,202;2;0;0;4;0;0;0;99;1
227848;11,245;1;0;4;3;0;0;0;99;0
229348;11,288;0;0;3;2;4;0;0;99;0
230848;11,331;0;0;2;1;3;0;0;99;4
232348;11,371;0;0;1;0;2;0;0;99;3
233848;11,414;4;0;0;0;1;0;0;99;2
235348;11,456;3;0;0;0;0;4;0;99;1
236848;11,509;2;0;0;0;5;3;0;99;0
238379;11,576;1;4;0;0;4;2;0;99;0
239879;11,623;0;3;0;0;3;1;0;99;0
241379;11,669;0;2;4;0;2;0;0;99;0
242879;11,713;0;1;3;0;1;0;4;99;0
244379;11,76;0;0;2;0;0;0;3;99;0
245879;11,806;4;0;1;0;6;0;2;99;0
247379;11,851;3;0;0;0;5;0;1;99;0
248879;11,895;2;0;0;0;4;0;0;99;4
250379;11,94;1;4;0;0;3;0;0;99;3
251879;11,995;0;3;0;0;2;0;0;99;2
253379;12,04;0;2;4;0;1;0;0;99;1
254907;12,113;0;1;3;0;0;0;0;99;0
256407;12,166;0;0;2;0;0;4;0;99;0
257907;12,215;0;5;1;0;0;3;0;99;0
259407;12,263;0;4;0;4;0;2;0;99;0
260907;12,313;0;3;0;3;0;1;0;99;4
262407;12,354;0;2;0;2;0;0;0;99;3
263907;12,395;4;1;0;1;0;0;0;99;2
265407;12,435;3;0;0;0;0;0;0;99;1
266907;12,481;2;6;0;0;0;0;0;99;0
268407;12,527;1;5;4;0;0;0;0;99;0
269907;12,571;0;4;3;0;4;0;0;99;0
271434;12,631;0;3;2;0;3;0;4;99;0
272934;12,673;0;2;1;0;2;0;3;99;0
274434;12,715;0;1;0;0;1;0;2;99;0
275934;12,76;0;0;0;0;0;4;1;99;0
277434;12,808;0;0;0;0;5;3;0;99;0
278934;12,857;0;4;0;0;4;2;0;99;0
280434;12,902;0;3;0;4;3;1;0;99;0
281934;12,948;0;2;0;3;2;0;0;99;0
283434;12,993;0;1;0;2;1;0;0;99;4
284934;13,037;0;0;0;1;0;0;0;99;3
286434;13,086;0;0;0;0;6;4;0;99;2
287958;13,135;0;0;4;0;5;3;0;99;1
289458;13,178;0;0;3;0;4;2;0;99;0
290958;13,224;0;0;2;0;3;1;0;99;5
292458;13,267;0;0;1;0;2;0;0;99;4
293958;13,312;0;0;0;0;1;5;0;99;3
295458;13,358;0;0;0;4;0;4;0;99;2
296958;13,403;0;0;0;3;0;3;4;99;1
298458;13,445;0;0;0;2;0;2;3;99;0
299958;13,49;0;0;4;1;0;1;2;99;0
301458;13,533;0;0;3;0;0;0;1;99;0
302958;13,58;0;0;2;0;4;0;0;99;0
304483;13,63;0;0;1;0;3;4;0;99;0
305983;13,677;4;0;0;0;2;3;0;99;0
307483;13,724;3;0;0;0;1;2;0;99;4
308983;13,771;2;0;0;0;0;1;0;99;3
310483;13,821;1;4;0;0;0;0;0;99;2
311983;13,866;0;3;0;0;4;0;0;99;1
313483;13,911;0;2;0;0;3;4;0;99;0
314983;13,957;0;1;4;0;2;3;0;99;0
316483;14,002;0;0;3;0;1;2;0;99;0
317983;14,049;4;0;2;0;0;1;0;99;0
319483;14,097;3;0;1;0;0;0;0;99;4
321014;14,144;2;4;0;0;0;0;0;99;3
322514;14,19;1;3;0;0;0;0;0;99;2
324014;14,235;0;2;4;0;0;0;0;99;1
325514;14,278;0;1;3;0;0;0;0;99;0
327014;14,325;0;0;2;0;4;0;0;99;0
328514;14,372;0;0;1;0;3;4;0;99;0
330014;14,418;0;4;0;0;2;3;0;99;0
331514;14,461;0;3;5;0;1;2;0;99;0
333014;14,505;0;2;4;0;0;1;0;99;0
334514;14,548;0;1;3;4;0;0;0;99;0
336014;14,59;0;0;2;3;0;5;0;99;0
337540;14,636;0;5;1;2;0;4;0;99;0
339040;14,707;0;4;0;1;0;3;0;99;0
340540;14,786;0;3;0;0;0;2;0;99;4
342040;14,88;0;2;0;0;0;1;4;99;3
343540;14,968;0;1;0;0;0;0;3;99;2
345040;15,065;0;0;0;0;0;0;2;99;1
346540;15,129;0;0;4;0;4;0;1;99;0
348040;15,177;4;0;3;0;3;0;0;99;0
349540;15,223;3;0;2;0;2;0;0;99;4
351040;15,268;2;0;1;0;1;0;0;99;3
352540;15,313;1;0;0;0;0;0;0;99;2
354069;15,363;0;0;5;0;0;0;0;99;1
355569;15,409;0;0;4;0;4;0;0;99;0
357069;15,456;0;0;3;0;3;0;0;99;5
358569;15,502;0;0;2;0;2;4;0;99;4
360069;15,546;0;0;1;0;1;3;0;99;3
361569;15,59;0;0;0;0;0;2;0;99;2
363069;15,636;0;4;0;0;0;1;0;99;1
364569;15,682;0;3;0;4;0;0;0;99;0
366069;15,729;0;2;0;3;0;5;0;99;0
367569;15,775;4;1;0;2;0;4;0;99;0
369069;15,821;3;0;0;1;0;3;0;99;0
370595;15,873;2;0;0;0;0;2;0;99;4
372095;15,947;1;0;0;5;0;1;0;99;3
373595;15,995;0;0;0;4;0;0;0;99;2
375095;16,043;0;4;0;3;0;0;0;99;1
376595;16,089;4;3;0;2;0;0;0;99;0
378095;16,136;3;2;0;1;4;0;0;99;0
379595;16,181;2;1;0;0;3;0;0;99;0
381095;16,227;1;0;0;0;2;0;0;99;4
382595;16,274;0;0;4;0;1;0;0;99;3
384095;16,321;0;4;3;0;0;0;0;99;2
385595;16,368;0;3;2;0;0;0;0;99;1
387113;16,431;4;2;1;0;0;0;0;99;0
388613;16,477;3;1;0;0;4;0;0;99;0
390113;16,521;2;0;0;0;3;4;0;99;0
391613;16,571;1;0;0;0;2;3;0;99;4
393113;16,619;0;0;0;0;1;2;0;99;3
394613;16,668;0;0;4;0;0;1;0;99;2
396113;16,716;0;0;3;4;0;0;0;99;1
397613;16,761;0;0;2;3;0;5;0;99;0
399113;16,809;4;0;1;2;0;4;0;99;0
400613;16,855;3;0;0;1;0;3;0;99;0
402113;16,904;2;0;5;0;0;2;0;99;0
403630;16,955;1;0;4;0;0;1;0;99;4
405130;17,006;0;0;3;0;0;0;0;99;3
406630;17,055;0;0;2;0;0;6;0;99;2
408130;17,104;0;0;1;4;0;5;0;99;1
409630;17,15;0;0;0;3;0;4;0;99;0
411130;17,2;0;0;0;2;0;3;0;99;5
412630;17,246;4;0;0;1;0;2;0;99;4
414130;17,291;3;0;0;0;0;1;0;99;3
415630;17,339;2;0;0;0;0;0;4;99;2
417130;17,387;1;0;4;0;0;0;3;99;1
418630;17,432;0;0;3;0;0;0;2;99;0
420152;17,482;5;0;2;0;0;0;1;99;0
421652;17,528;4;0;1;0;4;0;0;99;0
423152;17,574;3;0;0;0;3;4;0;99;0
424652;17,622;2;0;0;0;2;3;0;99;4
426152;17,667;1;0;0;0;1;2;0;99;3
427652;17,713;0;0;0;0;0;1;0;99;2
429152;17,762;0;4;0;0;0;0;0;99;1
430652;17,81;0;3;4;0;4;0;0;99;0
432152;17,859;4;2;3;0;3;0;0;99;0
433652;17,904;3;1;2;0;2;0;0;99;0
435152;17,948;2;0;1;0;1;0;0;99;0
436676;18,023;1;0;0;0;0;0;0;99;4
438176;18,086;0;0;0;4;0;0;0;99;3
439676;18,135;0;0;0;3;0;0;4;99;2
441176;18,182;0;0;0;2;4;0;3;99;1
442676;18,226;0;0;0;1;3;0;2;99;0
444176;18,272;0;0;0;0;2;4;1;99;0
445676;18,318;0;0;4;0;1;3;0;99;0
447176;18,365;0;0;3;0;0;2;5;99;0
448676;18,413;0;4;2;0;0;1;4;99;0
450176;18,458;0;3;1;0;0;0;3;99;0
451676;18,505;0;2;0;0;4;0;2;99;0
453196;18,552;0;1;0;0;3;4;1;99;0
454696;18,596;0;0;0;0;2;3;0;99;0
456196;18,647;4;0;0;0;1;2;0;99;0
457696;18,695;3;0;0;4;0;1;0;99;0
459196;18,742;2;4;0;3;0;0;0;99;0
460696;18,79;1;3;0;2;0;5;0;99;0
462196;18,839;0;2;0;1;0;4;0;99;0
463696;18,886;5;1;0;0;0;3;0;99;0
465196;18,935;4;0;0;0;0;2;0;99;4
466696;18,981;3;0;4;0;0;1;0;99;3
468196;19,032;2;0;3;0;0;0;0;99;2
469712;19,08;1;0;2;4;0;0;0;99;1
471212;19,125;0;0;1;3;0;0;0;99;0
472712;19,174;0;0;0;2;0;0;0;99;5
474212;19,223;0;4;0;1;4;0;0;99;4
475712;19,268;0;3;0;0;3;0;0;99;3
477212;19,314;0;2;4;0;2;0;0;99;2
478712;19,358;0;1;3;0;1;0;0;99;1
480212;19,402;0;0;2;0;0;0;0;99;0
482212;19,471;0;0;1;0;0;4;0;99;6
483712;19,52;0;0;0;4;0;3;0;99;5
485212;19,567;4;0;0;3;0;2;0;99;4
486744;19,613;3;0;0;2;0;1;0;99;3
488244;19,657;2;0;0;1;0;0;0;99;2
489744;19,704;1;0;0;0;4;0;0;99;1
491244;19,75;0;4;0;0;3;0;0;99;0
492744;19,807;0;3;0;0;2;0;0;99;7
494244;19,853;0;2;4;0;1;0;0;99;6
495744;19,897;0;1;3;0;0;0;0;99;5
497244;19,943;0;0;2;0;0;4;0;99;4
498744;19,992;0;0;1;0;0;3;4;99;3
500244;20,034;0;0;0;0;0;2;3;99;2
501744;20,079;0;0;0;0;4;1;2;99;1
503264;20,125;0;0;0;0;3;0;1;99;0
504764;20,174;0;0;0;0;2;0;0;99;8
506264;20,221;0;0;4;0;1;0;0;99;7
507764;20,268;0;0;3;0;0;4;0;99;6
509264;20,315;0;4;2;0;0;3;0;99;5
510764;20,361;0;3;1;0;0;2;0;99;4
512264;20,407;0;2;0;0;0;1;0;99;3
513764;20,455;4;1;0;0;0;0;0;99;2
515264;20,503;3;0;0;4;0;0;0;99;1
516764;20,551;2;0;0;3;4;0;0;99;0
518264;20,598;1;0;0;2;3;4;0;99;0
519791;20,644;0;0;0;1;2;3;0;99;0
521291;20,692;0;0;0;0;1;2;0;99;4
522791;20,737;4;0;0;0;0;1;0;99;3
524291;20,784;3;0;4;0;0;0;0;99;2
525791;20,831;2;0;3;0;4;0;0;99;1
527291;20,877;1;0;2;0;3;0;0;99;0
528791;20,924;0;0;1;0;2;0;0;99;5
530291;20,971;5;0;0;0;1;0;0;99;4
531791;21,017;4;0;5;0;0;0;0;99;3
533291;21,064;3;0;4;4;0;0;0;99;2
534791;21,109;2;0;3;3;0;0;0;99;1
536315;21,157;1;0;2;2;0;0;0;99;0
537815;21,205;0;0;1;1;0;0;0;99;6
539315;21,252;6;0;0;0;0;0;0;99;5
540815;21,301;5;0;0;0;4;0;0;99;4
542315;21,347;4;0;0;4;3;0;0;99;3
543815;21,391;3;0;0;3;2;0;0;99;2
545315;21,436;2;0;0;2;1;0;0;99;1
546815;21,479;1;0;0;1;0;0;0;99;0
548315;21,527;0;0;0;0;5;0;0;99;7
549815;21,574;0;0;4;0;4;0;0;99;6
551315;21,619;4;0;3;0;3;0;0;99;5
552842;21,664;3;0;2;0;2;0;0;99;4
554342;21,707;2;0;1;0;1;0;0;99;3
555842;21,75;1;0;0;0;0;0;0;99;2
557342;21,798;0;0;0;0;6;0;0;99;1
558842;21,845;0;0;4;0;5;0;0;99;0
560342;21,893;0;0;3;0;4;0;0;99;8
561842;21,938;0;0;2;0;3;4;0;99;7
563342;21,981;0;0;1;0;2;3;0;99;6
564842;22,023;0;0;0;0;1;2;0;99;5
566342;22,067;0;4;0;0;0;1;0;99;4
567842;22,111;0;3;4;0;0;0;0;99;3
569367;22,157;0;2;3;0;0;5;0;99;2
570867;22,2;0;1;2;0;0;4;0;99;1
572367;22,246;0;0;1;0;0;3;0;99;0
573867;22,294;0;0;0;0;0;2;4;99;0
575367;22,341;4;0;0;0;0;1;3;99;0
576867;22,385;3;0;0;0;0;0;2;99;4
578367;22,43;2;0;0;0;4;0;1;99;3
579867;22,473;1;0;0;0;3;0;0;99;2
581367;22,543;0;0;0;4;2;0;0;99;1
582867;22,608;0;4;0;3;1;0;0;99;0
584367;22,702;0;3;4;2;0;0;0;99;0
585897;22,842;4;2;3;1;0;0;0;99;0
587397;22,953;3;1;2;0;0;0;0;99;0
588897;22,998;2;0;1;0;0;0;0;99;4
590397;23,044;1;0;0;0;0;4;0;99;3
591897;23,091;0;0;0;4;0;3;0;99;2
593397;23,137;0;0;4;3;0;2;0;99;1
594897;23,183;0;0;3;2;0;1;0;99;0
596397;23,232;0;4;2;1;0;0;0;99;0
597897;23,278;0;3;1;0;0;0;0;99;4
599397;23,322;0;2;0;0;0;4;0;99;3
600897;23,366;0;1;5;0;0;3;0;99;2
602430;23,414;0;0;4;0;0;2;0;99;1
603930;23,46;4;0;3;0;0;1;0;99;0
605430;23,508;3;0;2;0;0;0;0;99;5
606930;23,556;2;0;1;0;4;0;0;99;4
608430;23,6;1;0;0;0;3;0;0;99;3
609930;23,646;0;0;0;4;2;0;0;99;2
611430;23,693;0;0;0;3;1;0;4;99;1
612930;23,736;0;0;0;2;0;0;3;99;0
614430;23,785;0;0;0;1;5;0;2;99;0
615930;23,831;4;0;0;0;4;0;1;99;0
617430;23,878;3;0;0;5;3;0;0;99;0
618955;23,927;2;0;0;4;2;0;0;99;4
620455;23,971;1;0;0;3;1;0;0;99;3
621955;24,014;0;0;0;2;0;0;0;99;2
623455;24,061;0;0;4;1;0;0;0;99;1
624955;24,106;0;0;3;0;0;4;0;99;0
626455;24,156;0;0;2;0;4;3;0;99;0
627955;24,202;0;4;1;0;3;2;0;99;0
629455;24,246;0;3;0;0;2;1;0;99;0
630955;24,292;4;2;0;0;1;0;0;99;0
632455;24,337;3;1;0;0;0;0;0;99;4
633955;24,382;2;0;0;0;5;0;0;99;3
635480;24,429;1;0;4;0;4;0;0;99;2
636980;24,472;0;0;3;0;3;0;0;99;1
638480;24,517;0;0;2;0;2;4;0;99;0
639980;24,562;0;0;1;0;1;3;4;99;0
641480;24,605;0;0;0;0;0;2;3;99;0
642980;24,652;0;0;0;0;6;1;2;99;0
644480;24,696;0;4;0;0;5;0;1;99;0
645980;24,741;0;3;0;0;4;0;0;99;4
647480;24,784;0;2;0;4;3;0;0;99;3
648980;24,829;0;1;0;3;2;0;0;99;2
650480;24,871;0;0;0;2;1;0;0;99;1
652003;24,926;0;0;0;1;0;4;0;99;0
653503;24,974;0;4;0;0;0;3;0;99;0
655003;25,021;0;3;0;0;0;2;0;99;4
656503;25,063;0;2;0;4;0;1;0;99;3
658003;25,103;0;1;0;3;0;0;0;99;2
659503;25,145;0;0;0;2;4;0;0;99;1
661003;25,187;0;0;0;1;3;4;0;99;0
662503;25,23;0;0;4;0;2;3;0;99;0
664003;25,274;0;0;3;5;1;2;0;99;0
665503;25,316;0;0;2;4;0;1;0;99;0
667003;25,36;4;0;1;3;0;0;0;99;0
668530;25,407;3;0;0;2;0;0;0;99;4
670030;25,448;2;0;0;1;4;0;0;99;3
671530;25,489;1;0;0;0;3;0;0;99;2
673030;25,532;0;0;0;0;2;4;0;99;1
674530;25,573;0;0;0;4;1;3;0;99;0
676030;25,615;0;0;4;3;0;2;0;99;0
677530;25,661;0;0;3;2;0;1;4;99;0
679030;25,704;0;0;2;1;0;0;3;99;0
680530;25,747;0;0;1;0;4;0;2;99;0
682030;25,792;0;0;0;0;3;4;1;99;0
683530;25,836;0;0;0;4;2;3;0;99;0
685057;25,883;0;0;0;3;1;2;5;99;0
686557;25,926;0;0;0;2;0;1;4;99;0
688057;25,972;4;0;0;1;0;0;3;99;0
689557;26,019;3;0;0;0;0;5;2;99;0
691057;26,064;2;0;0;0;4;4;1;99;4
692057;26,091;1;0;0;0;3;3;0;99;3
693557;26,134;0;0;0;0;2;2;0;99;2
695057;26,183;0;0;0;4;1;1;0;99;1
696557;26,227;0;0;0;3;0;0;0;99;0
698557;26,297;0;0;4;2;0;6;0;99;0
700057;26,346;0;0;3;1;0;5;4;99;0
701581;26,392;0;0;2;0;0;4;3;99;0
703081;26,437;0;0;1;0;0;3;2;99;4
704581;26,479;0;0;0;0;0;2;1;99;3
706081;26,525;0;0;0;4;0;1;0;99;2
707581;26,571;0;0;0;3;4;0;0;99;1
709081;26,619;0;0;0;2;3;0;4;99;0
710581;26,666;0;0;0;1;2;0;3;99;5
712081;26,718;0;0;0;0;1;0;2;99;4
713581;26,764;0;4;0;0;0;0;1;99;3
715081;26,81;0;3;0;0;5;0;0;99;2
716581;26,856;0;2;0;4;4;0;0;99;1
718112;26,902;0;1;0;3;3;0;0;99;0
719612;26,949;0;0;0;2;2;0;4;99;0
721112;26,995;0;5;0;1;1;0;3;99;0
722612;27,039;0;4;0;0;0;0;2;99;0
724112;27,087;0;3;0;0;6;0;1;99;0
725612;27,134;0;2;4;0;5;0;0;99;0
727112;27,18;4;1;3;0;4;0;0;99;0
728612;27,225;3;0;2;0;3;0;0;99;0
730112;27,274;2;0;1;0;2;0;0;99;4
731612;27,318;1;0;0;0;1;0;0;99;3
733112;27,365;0;0;5;0;0;0;0;99;2
734638;27,443;0;4;4;0;0;0;0;99;1
736138;27,522;0;3;3;4;0;0;0;99;0
737638;27,595;0;2;2;3;0;0;4;99;0
739138;27,639;0;1;1;2;0;0;3;99;0
740638;27,683;0;0;0;1;0;0;2;99;0
742138;27,731;0;0;0;0;0;0;1;99;4
743638;27,78;0;0;0;0;4;0;0;99;3
745138;27,829;0;0;0;0;3;0;5;99;2
746638;27,876;0;0;0;0;2;4;4;99;1
748138;27,919;0;0;0;0;1;3;3;99;0
749638;27,964;0;0;4;0;0;2;2;99;0
751169;28,013;0;0;3;0;5;1;1;99;0
752669;28,058;0;0;2;0;4;0;0;99;0
754169;28,106;0;0;1;0;3;5;0;99;0
755669;28,154;0;0;0;0;2;4;4;99;0
757169;28,201;4;0;0;0;1;3;3;99;0
758669;28,243;3;0;0;0;0;2;2;99;0
760169;28,289;2;0;0;4;0;1;1;99;0
761669;28,332;1;0;0;3;0;0;0;99;0
763169;28,382;0;0;4;2;0;0;0;99;0
764669;28,431;0;0;3;1;4;0;0;99;4
766169;28,476;0;0;2;0;3;0;0;99;3
767699;28,553;0;0;1;0;2;4;0;99;2
769199;28,63;0;0;0;0;1;3;0;99;1
770699;28,684;0;4;0;0;0;2;0;99;0
772199;28,732;0;3;0;0;5;1;0;99;0
773699;28,779;0;2;0;0;4;0;0;99;4
775199;28,826;0;1;0;4;3;0;0;99;3
776699;28,872;0;0;0;3;2;0;0;99;2
778199;28,918;0;0;4;2;1;0;0;99;1
779699;28,961;0;0;3;1;0;0;0;99;0
781199;29,005;0;0;2;0;0;0;0;99;5
782699;29,05;0;0;1;0;0;4;0;99;4
784234;29,099;0;0;0;0;0;3;4;99;3
785734;29,144;4;0;0;0;0;2;3;99;2
787234;29,185;3;0;0;0;0;1;2;99;1
788734;29,228;2;0;0;0;0;0;1;99;0
790234;29,277;1;0;0;0;4;0;0;99;6
791734;29,324;0;4;0;0;3;0;0;99;5
793234;29,368;0;3;0;0;2;4;0;99;4
794734;29,41;0;2;0;0;1;3;0;99;3
796234;29,453;0;1;0;0;0;2;0;99;2
797734;29,498;0;0;0;4;0;1;0;99;1
799234;29,544;4;0;0;3;0;0;0;99;0
800752;29,595;3;0;0;2;0;0;0;99;7
802252;29,643;2;0;4;1;4;0;0;99;6
803252;29,671;1;0;3;0;3;0;0;99;5
804752;29,716;0;0;2;0;2;0;0;99;4
806252;29,762;0;0;1;4;1;0;0;99;3
807752;29,809;0;0;0;3;0;0;0;99;2
809252;29,857;0;4;0;2;0;0;0;99;1
810752;29,913;0;3;0;1;4;0;0;99;0
812252;29,959;0;2;4;0;3;0;0;99;0
813752;30,006;4;1;3;0;2;0;0;99;0
815252;30,049;3;0;2;0;1;0;0;99;0
816780;30,097;2;0;1;0;0;0;0;99;4
818280;30,142;1;4;0;0;0;0;0;99;3
819780;30,186;0;3;0;0;4;0;0;99;2
821280;30,232;0;2;0;4;3;0;0;99;1
822780;30,275;0;1;0;3;2;0;0;99;0
824280;30,32;0;0;4;2;1;0;0;99;0
825780;30,366;0;0;3;1;0;4;0;99;0
827280;30,412;0;0;2;0;0;3;4;99;0
828780;30,457;4;0;1;0;0;2;3;99;0
830280;30,499;3;0;0;0;0;1;2;99;0
831780;30,544;2;0;0;0;4;0;1;99;0
833305;30,591;1;0;0;4;3;0;0;99;0
834805;30,634;0;0;0;3;2;0;0;99;4
836305;30,678;0;0;4;2;1;0;0;99;3
837805;30,719;0;0;3;1;0;0;0;99;2
839305;30,763;0;0;2;0;5;0;0;99;1
840805;30,809;0;0;1;5;4;0;0;99;0
842305;30,854;0;0;0;4;3;0;4;99;0
843805;30,896;0;0;5;3;2;0;3;99;0
845305;30,939;0;0;4;2;1;0;2;99;0
846805;30,981;0;0;3;1;0;0;1;99;0
848305;31,026;0;4;2;0;0;0;0;99;0
849836;31,099;0;3;1;0;0;4;0;99;0
851336;31,173;0;2;0;0;4;3;0;99;0
852836;31,252;0;1;0;0;3;2;0;99;4
854336;31,293;0;0;0;0;2;1;0;99;3
855836;31,336;0;0;4;0;1;0;0;99;2
857336;31,381;0;0;3;4;0;0;0;99;1
858836;31,428;0;0;2;3;0;0;4;99;0
860336;31,475;0;0;1;2;4;0;3;99;0
861836;31,519;0;0;0;1;3;0;2;99;0
863336;31,566;0;0;5;0;2;0;1;99;0
864836;31,613;0;0;4;5;1;0;0;99;0
866364;31,664;0;0;3;4;0;0;0;99;4
867864;31,71;0;4;2;3;0;0;0;99;3
869364;31,754;0;3;1;2;0;0;0;99;2
870864;31,799;0;2;0;1;0;0;0;99;1
872364;31,845;0;1;0;0;0;0;0;99;0
874364;31,914;0;0;4;0;0;0;0;99;5
875864;31,963;0;0;3;4;0;0;0;99;4
877364;32,009;0;0;2;3;0;4;0;99;3
878864;32,052;0;0;1;2;0;3;0;99;2
880364;32,093;0;0;0;1;0;2;0;99;1
881864;32,138;0;4;0;0;0;1;0;99;0
883386;32,188;0;3;4;0;0;0;0;99;0
884886;32,238;0;2;3;4;0;0;0;99;0
886386;32,285;0;1;2;3;0;4;0;99;0
887886;32,332;0;0;1;2;0;3;0;99;0
889386;32,382;0;5;0;1;0;2;0;99;0
890886;32,428;0;4;5;0;0;1;0;99;0
892386;32,475;0;3;4;5;0;0;0;99;0
893886;32,522;0;2;3;4;0;5;0;99;0
895386;32,57;0;1;2;3;0;4;0;99;0
896886;32,617;0;0;1;2;0;3;0;99;0
898386;32,665;0;0;0;1;0;2;4;99;0
899917;32,727;0;0;0;0;0;1;3;99;4
901417;32,773;0;0;4;0;0;0;2;99;3
902917;32,818;0;0;3;4;0;0;1;99;2
904417;32,861;0;0;2;3;0;0;0;99;1
905917;32,909;0;0;1;2;0;0;5;99;0
907417;32,954;0;0;0;1;0;0;4;99;5
908917;32,999;4;0;0;0;0;0;3;99;4
910417;33,042;3;4;0;0;0;0;2;99;3
911917;33,084;2;3;0;0;0;0;1;99;2
913417;33,147;1;2;0;0;0;0;0;99;1
914917;33,211;0;1;4;0;0;0;0;99;0
916443;33,263;0;0;3;4;0;0;0;99;0
917943;33,31;0;0;2;3;0;0;0;99;4
919443;33,357;0;0;1;2;0;4;0;99;3
920943;33,402;0;0;0;1;0;3;0;99;2
922443;33,448;0;0;5;0;0;2;0;99;1
923943;33,493;4;0;4;0;0;1;0;99;0
925443;33,54;3;0;3;0;0;0;0;99;5
926943;33,588;2;0;2;0;0;5;0;99;4
928443;33,634;1;0;1;0;0;4;0;99;3
929943;33,68;0;0;0;0;0;3;0;99;2
931443;33,729;0;4;0;0;0;2;0;99;1
932972;33,776;0;3;0;4;0;1;0;99;0
934472;33,822;0;2;0;3;0;0;4;99;0
935972;33,868;0;1;0;2;0;6;3;99;0
937472;33,912;0;0;0;1;0;5;2;99;0
938972;33,958;0;0;0;0;4;4;1;99;0
940472;34,005;4;0;0;0;3;3;0;99;0
941972;34,051;3;0;0;0;2;2;0;99;4
943472;34,095;2;0;0;0;1;1;0;99;3
944972;34,14;1;0;0;0;0;0;0;99;2
946472;34,188;0;0;4;0;0;0;0;99;1
947972;34,236;0;0;3;4;0;0;0;99;0
949499;34,287;4;0;2;3;0;0;0;99;0
950999;34,337;3;4;1;2;0;0;0;99;0
952499;34,382;2;3;0;1;0;0;0;99;0
953999;34,43;1;2;5;0;0;0;0;99;0
955499;34,477;0;1;4;5;0;0;0;99;0
956999;34,523;0;0;3;4;0;4;0;99;0
958499;34,572;0;0;2;3;0;3;4;99;0
959999;34,616;0;0;1;2;0;2;3;99;0
961499;34,662;0;0;0;1;0;1;2;99;0
962999;34,735;0;0;6;0;0;0;1;99;0
964499;34,813;0;0;5;6;0;0;0;99;0
966023;34,889;0;4;4;5;0;0;0;99;0
967523;34,985;0;3;3;4;0;4;0;99;0
969023;35,082;0;2;2;3;0;3;0;99;0
970523;35,161;0;1;1;2;0;2;0;99;0
972023;35,248;0;0;0;1;0;1;0;99;0
973523;35,294;0;0;0;0;0;0;0;99;4
975523;35,359;0;0;0;7;0;5;0;99;3
977023;35,412;0;4;0;6;0;4;0;99;2
978523;35,455;0;3;0;5;0;3;0;99;1
980023;35,496;0;2;0;4;0;2;0;99;0
981523;35,543;0;1;4;3;0;1;0;99;0
983049;35,631;0;0;3;2;0;0;0;99;0
984549;35,724;0;0;2;1;0;0;0;99;4
986049;35,813;0;0;1;0;0;4;0;99;3
987549;35,881;0;0;0;8;0;3;0;99;2
989049;35,968;4;0;0;7;0;2;0;99;1
990549;36,039;3;0;0;6;0;1;0;99;0
992049;36,11;2;0;0;5;0;0;0;99;5
993549;36,198;1;0;4;4;0;0;0;99;4
995049;36,269;0;0;3;3;0;0;0;99;3
996549;36,357;0;0;2;2;0;4;0;99;2
998049;36,429;0;0;1;1;0;3;0;99;1
999578;36,488;0;0;0;0;0;2;0;99;0
1001578;36,546;0;0;5;0;0;1;4;99;0
1003078;36,587;0;0;4;4;0;0;3;99;0
1004578;36,63;0;0;3;3;0;5;2;99;0
1006078;36,67;0;0;2;2;0;4;1;99;0
1007578;36,71;0;0;1;1;0;3;0;99;0
1009078;36,755;0;0;0;0;0;2;0;99;4
1010578;36,799;0;0;0;5;0;1;0;99;3
1012078;36,842;0;4;0;4;0;0;0;99;2
1013578;36,888;0;3;0;3;0;0;4;99;1
1015078;36,932;0;2;0;2;0;0;3;99;0
1016600;36,98;4;1;0;1;0;0;2;99;0
1018100;37,023;3;0;0;0;0;0;1;99;0
1019600;37,072;2;0;0;0;0;0;0;99;4
1021100;37,121;1;0;4;0;0;0;0;99;3
1022600;37,168;0;0;3;4;0;0;0;99;2
1024100;37,215;0;0;2;3;0;4;0;99;1
1025600;37,26;0;0;1;2;0;3;0;99;0
1027100;37,305;0;4;0;1;0;2;0;99;0
1028600;37,35;0;3;5;0;0;1;0;99;0
1030100;37,395;0;2;4;0;0;0;0;99;4
1031600;37,439;0;1;3;4;0;0;0;99;3
1033132;37,485;0;0;2;3;0;0;0;99;2
1034632;37,533;0;5;1;2;0;0;0;99;1
1036132;37,576;0;4;0;1;0;0;0;99;0
1037632;37,624;0;3;0;0;0;0;0;99;5
1039132;37,672;4;2;0;0;0;0;0;99;4
1040632;37,717;3;1;4;0;0;0;0;99;3
1042132;37,76;2;0;3;0;0;0;0;99;2
1043632;37,808;1;0;2;0;4;0;0;99;1
1045132;37,853;0;0;1;0;3;0;0;99;0
1046632;37,901;0;0;0;4;2;0;0;99;0
1048132;37,95;0;0;5;3;1;0;0;99;0
1049657;37,996;0;0;4;2;0;4;0;99;0
1051157;38,044;0;0;3;1;0;3;0;99;4
1052657;38,087;0;0;2;0;0;2;0;99;3
1054157;38,131;0;4;1;0;0;1;0;99;2
1055657;38,174;0;3;0;0;0;0;0;99;1
1057157;38,222;0;2;0;0;4;0;0;99;0
1058657;38,272;0;1;0;0;3;0;0;99;5
1060157;38,318;0;0;0;4;2;0;0;99;4
1061657;38,365;0;0;4;3;1;0;0;99;3
1063157;38,408;0;0;3;2;0;0;0;99;2
1064657;38,454;0;0;2;1;5;0;0;99;1
1066185;38,5;0;0;1;0;4;0;0;99;0
1067685;38,549;0;0;0;5;3;0;0;99;0
1069185;38,596;4;0;0;4;2;0;0;99;0
1070685;38,644;3;0;0;3;1;0;0;99;4
1072185;38,689;2;0;0;2;0;0;0;99;3
1073685;38,735;1;0;0;1;0;4;0;99;2
1075185;38,778;0;0;0;0;0;3;0;99;1
1076685;38,847;0;0;0;6;0;2;0;99;0
1078185;38,946;0;0;0;5;4;1;0;99;0
1079685;39,026;0;0;0;4;3;0;0;99;4
1081185;39,071;0;0;0;3;2;0;4;99;3
1082710;39,118;0;0;0;2;1;0;3;99;2
1084210;39,16;0;0;0;1;0;0;2;99;1
1085710;39,207;0;0;4;0;0;0;1;99;0
1087210;39,255;0;0;3;7;0;0;0;99;0
1088710;39,301;0;0;2;6;0;0;0;99;4
1090210;39,347;0;0;1;5;0;0;4;99;3
1091710;39,391;0;0;0;4;0;0;3;99;2
1093210;39,437;0;0;0;3;0;4;2;99;1
1094710;39,48;0;0;0;2;0;3;1;99;0
1096210;39,527;0;4;0;1;0;2;0;99;0
1097710;39,574;0;3;4;0;0;1;0;99;0
1099238;39,622;0;2;3;0;0;0;0;99;4
1100738;39,668;0;1;2;4;0;0;0;99;3
1102238;39,712;0;0;1;3;0;0;0;99;2
1103738;39,756;0;0;0;2;0;4;0;99;1
1105238;39,801;4;0;0;1;0;3;0;99;0
1106738;39,846;3;0;4;0;0;2;0;99;0
1108238;39,892;2;0;3;0;4;1;0;99;0
1109738;39,937;1;0;2;0;3;0;0;99;0
1111238;39,983;0;0;1;0;2;0;0;99;4
1112738;40,03;5;0;0;0;1;0;0;99;3
1114238;40,078;4;0;0;0;0;0;4;99;2
1115767;40,126;3;0;0;0;5;0;3;99;1
1117267;40,169;2;0;0;0;4;0;2;99;0
1118767;40,214;1;0;0;0;3;0;1;99;5
1120267;40,258;0;0;0;0;2;0;0;99;4
1121767;40,305;0;0;4;0;1;0;0;99;3
1123267;40,349;0;0;3;4;0;0;0;99;2
1124767;40,395;0;0;2;3;6;0;0;99;1
1126267;40,439;0;0;1;2;5;0;0;99;0
1127767;40,487;0;4;0;1;4;0;0;99;0
1129267;40,533;0;3;0;0;3;0;0;99;4
1130767;40,579;0;2;4;0;2;0;0;99;3
1132291;40,624;0;1;3;0;1;0;0;99;2
1133791;40,669;0;0;2;0;0;0;0;99;1
1135291;40,718;0;0;1;0;0;4;0;99;0
1136791;40,768;0;4;0;0;0;3;0;99;0
1138291;40,817;0;3;0;0;4;2;0;99;0
1139791;40,862;0;2;4;0;3;1;0;99;0
1141291;40,906;0;1;3;0;2;0;0;99;0
1142791;40,952;0;0;2;4;1;0;0;99;0
1144291;41,0;0;0;1;3;0;0;0;99;4
1145791;41,047;0;4;0;2;0;0;0;99;3
1147291;41,095;0;3;0;1;0;0;4;99;2
1148818;41,14;0;2;0;0;0;0;3;99;1
1150318;41,186;0;1;4;0;0;0;2;99;0
1151818;41,233;0;0;3;4;0;0;1;99;0
1153318;41,28;0;0;2;3;0;0;0;99;4
1154818;41,326;0;0;1;2;4;0;0;99;3
1156318;41,371;0;0;0;1;3;0;0;99;2
1157818;41,418;0;4;0;0;2;0;0;99;1
1159318;41,461;0;3;4;0;1;0;0;99;0
1160818;41,508;0;2;3;4;0;0;0;99;0
1162318;41,555;0;1;2;3;5;0;0;99;0
1163818;41,601;0;0;1;2;4;0;0;99;0
1165344;41,65;4;0;0;1;3;0;0;99;0
1166844;41,698;3;0;0;0;2;0;0;99;4
1168344;41,744;2;0;4;0;1;0;0;99;3
1169844;41,786;1;0;3;0;0;0;0;99;2
1171344;41,832;0;0;2;4;0;0;0;99;1
1172844;41,879;0;4;1;3;0;0;0;99;0
1174344;41,924;4;3;0;2;0;0;0;99;0
1175844;41,97;3;2;0;1;0;0;0;99;4
1177344;42,013;2;1;0;0;0;0;0;99;3
1178844;42,058;1;0;0;0;4;0;0;99;2
1180344;42,104;0;0;4;0;3;0;0;99;1
1181870;42,152;0;0;3;4;2;0;0;99;0
1183370;42,198;0;0;2;3;1;4;0;99;0
1184870;42,241;0;0;1;2;0;3;0;99;0
1186370;42,284;0;0;0;1;0;2;0;99;4
1187870;42,325;0;0;0;0;0;1;4;99;3
1189370;42,369;0;0;0;5;0;0;3;99;2
1190870;42,439;0;0;4;4;0;0;2;99;1
1192370;42,515;0;0;3;3;0;0;1;99;0
1193870;42,584;0;0;2;2;4;0;0;99;0
1195370;42,628;0;0;1;1;3;0;0;99;4
1196870;42,671;0;0;0;0;2;0;0;99;3
1198386;42,719;0;0;0;6;1;0;0;99;2
1199886;42,765;0;0;4;5;0;0;0;99;1
1201386;42,812;0;0;3;4;0;4;0;99;0
1202886;42,858;4;0;2;3;0;3;0;99;0
1204386;42,9;3;0;1;2;0;2;0;99;0
1205886;42,942;2;0;0;1;0;1;0;99;0
1207386;42,987;1;0;5;0;0;0;0;99;0
1208886;43,036;0;0;4;7;0;0;0;99;0
1210386;43,084;0;0;3;6;4;0;0;99;0
1211886;43,129;0;4;2;5;3;0;0;99;0
1213386;43,173;0;3;1;4;2;0;0;99;0
1214911;43,217;0;2;0;3;1;0;0;99;0
1216411;43,262;4;1;0;2;0;0;0;99;0
1217911;43,307;3;0;0;1;0;0;4;99;0
1219411;43,353;2;0;0;0;4;0;3;99;0
1220911;43,398;1;0;4;0;3;0;2;99;0
1222411;43,442;0;0;3;0;2;0;1;99;0
1223911;43,488;0;0;2;4;1;0;0;99;0
1225411;43,535;0;0;1;3;0;0;0;99;4
1226911;43,584;0;0;0;2;0;4;0;99;3
1228411;43,63;0;0;0;1;4;3;0;99;2
1229911;43,673;0;0;0;0;3;2;0;99;1
1231436;43,719;0;0;4;0;2;1;0;99;0
1232936;43,763;0;4;3;0;1;0;0;99;0
1234436;43,808;0;3;2;0;0;0;0;99;4
1235936;43,853;0;2;1;0;0;0;4;99;3
1237436;43,896;0;1;0;0;0;0;3;99;2
1238936;43,94;0;0;0;4;0;0;2;99;1
1240436;43,984;0;0;0;3;0;4;1;99;0
1241936;44,03;0;0;0;2;0;3;0;99;5
1243436;44,074;0;0;4;1;0;2;0;99;4
1244936;44,118;0;0;3;0;0;1;0;99;3
1246436;44,162;0;0;2;0;4;0;0;99;2
1247965;44,209;0;0;1;4;3;0;0;99;1
1249465;44,252;0;0;0;3;2;0;0;99;0
1250965;44,298;0;0;5;2;1;0;0;99;0
1252465;44,345;0;0;4;1;0;4;0;99;0
1253965;44,39;0;4;3;0;0;3;0;99;0
1255465;44,436;0;3;2;5;0;2;0;99;0
1256965;44,479;0;2;1;4;0;1;0;99;0
1258465;44,523;0;1;0;3;0;0;0;99;0
1259965;44,57;0;0;0;2;0;0;0;99;4
1261465;44,616;0;0;0;1;0;0;4;99;3
1262965;44,661;0;0;0;0;0;4;3;99;2
1264496;44,708;0;0;0;6;0;3;2;99;1
1266025;44,768;0;0;0;5;0;2;1;99;0
1267525;44,814;0;0;0;4;4;1;0;99;0
1269051;44,864;0;0;0;3;3;0;5;99;0
1270551;44,91;0;0;4;2;2;0;4;99;0
1272051;44,954;0;0;3;1;1;0;3;99;0
1273580;45,005;0;0;2;0;0;0;2;99;0
1275080;45,056;0;0;1;0;0;0;1;99;4
1276580;45,105;0;0;0;0;4;0;0;99;3
1278080;45,153;0;0;5;0;3;0;0;99;2
1279605;45,2;4;0;4;0;2;0;0;99;1
1281105;45,244;3;0;3;0;1;0;0;99;0
1282605;45,29;2;0;2;0;0;4;0;99;0
1284105;45,338;1;0;1;0;0;3;0;99;4
1285605;45,384;0;0;0;0;0;2;0;99;3
1287138;45,435;0;0;6;0;0;1;0;99;2
1288638;45,48;0;0;5;4;0;0;0;99;1
1290138;45,525;0;0;4;3;4;0;0;99;0
1291638;45,572;0;4;3;2;3;0;0;99;0
1293138;45,616;0;3;2;1;2;0;0;99;0
1294638;45,661;0;2;1;0;1;0;0;99;0
1296159;45,71;0;1;0;0;0;0;4;99;0
1297659;45,76;0;0;7;0;0;0;3;99;0
1299159;45,812;0;0;6;0;4;0;2;99;0
1300659;45,859;0;0;5;0;3;0;1;99;4
1302159;45,902;0;0;4;0;2;0;0;99;3
1303659;45,949;0;0;3;4;1;0;0;99;2
1305159;45,993;0;0;2;3;0;0;0;99;1
1306680;46,042;0;0;1;2;0;4;0;99;0
1308180;46,088;0;0;0;1;0;3;0;99;5
1309680;46,133;4;0;0;0;0;2;0;99;4
1311180;46,179;3;0;0;5;0;1;0;99;3
1312680;46,222;2;0;0;4;0;0;0;99;2
1314180;46,329;1;0;4;3;0;0;0;99;1
1315680;46,424;0;0;3;2;0;0;0;99;0
1317180;46,522;0;0;2;1;0;4;0;99;0
1318697;46,622;0;0;1;0;4;3;0;99;0
1320197;46,719;0;0;0;0;3;2;0;99;4
1321697;46,813;0;0;0;4;2;1;0;99;3
1323197;46,889;0;0;0;3;1;0;0;99;2
1324697;46,985;0;4;0;2;0;0;0;99;1
1326197;47,08;0;3;0;1;5;0;0;99;0
1327697;47,176;0;2;0;0;4;4;0;99;0
1329197;47,269;0;1;4;0;3;3;0;99;0
1330697;47,338;0;0;3;0;2;2;0;99;0
1332228;47,386;0;5;2;0;1;1;0;99;0
1333728;47,429;0;4;1;0;0;0;0;99;0
1335228;47,477;0;3;0;0;0;0;4;99;0
1336728;47,525;0;2;0;0;4;0;3;99;0
1338228;47,571;4;1;0;0;3;0;2;99;0
1339728;47,614;3;0;0;0;2;0;1;99;0
1341228;47,66;2;0;0;0;1;0;0;99;4
1342728;47,706;1;0;0;4;0;0;0;99;3
1344228;47,75;0;0;0;3;5;0;0;99;2
1345728;47,797;0;0;0;2;4;4;0;99;1
1347244;47,84;0;0;0;1;3;3;0;99;0
1348744;47,884;0;0;0;0;2;2;4;99;0
1350244;47,929;0;0;4;0;1;1;3;99;0
1351744;47,971;0;0;3;0;0;0;2;99;0
1353244;48,019;0;0;2;0;6;0;1;99;0
1354744;48,062;0;0;1;0;5;0;0;99;4
1356244;48,107;0;4;0;0;4;0;0;99;3
1357744;48,151;0;3;5;0;3;0;0;99;2
1359244;48,193;0;2;4;0;2;0;0;99;1
1360744;48,235;0;1;3;0;1;0;0;99;0
1362244;48,281;0;0;2;4;0;0;0;99;0
1363768;48,331;0;0;1;3;7;0;0;99;0
1365268;48,376;0;0;0;2;6;0;0;99;4
1366768;48,421;0;0;6;1;5;0;0;99;3
1368268;48,466;0;0;5;0;4;0;0;99;2
1369768;48,51;0;0;4;5;3;0;0;99;1
1371268;48,553;0;0;3;4;2;0;0;99;0
1372768;48,607;0;0;2;3;1;0;0;99;5
1374268;48,651;0;0;1;2;0;0;0;99;4
1375768;48,695;0;0;0;1;8;0;0;99;3
1377268;48,74;0;0;0;0;7;4;0;99;2
1378768;48,784;0;0;0;0;6;3;4;99;1
1380293;48,827;0;0;0;0;5;2;3;99;0
1381793;48,872;0;0;0;4;4;1;2;99;0
1383293;48,914;0;0;0;3;3;0;1;99;0
1384793;48,959;0;4;0;2;2;0;0;99;0
1386293;49,004;0;3;4;1;1;0;0;99;0
1387793;49,048;0;2;3;0;0;0;0;99;0
1389293;49,094;0;1;2;0;0;0;4;99;0
1390793;49,136;0;0;1;0;0;0;3;99;4
1392293;49,179;4;0;0;0;0;0;2;99;3
1393793;49,224;3;0;0;4;0;0;1;99;2
1395293;49,268;2;0;0;3;0;0;0;99;1
1396815;49,315;1;0;0;2;4;0;0;99;0
1398315;49,36;0;0;0;1;3;4;0;99;0
1399815;49,406;0;0;4;0;2;3;0;99;0
1401315;49,475;0;0;3;5;1;2;0;99;0
1402815;49,553;0;0;2;4;0;1;0;99;0
1404315;49,637;0;0;1;3;0;0;0;99;4
1405815;49,723;0;0;0;2;4;0;0;99;3
1407315;49,801;0;0;5;1;3;0;0;99;2
1408815;49,892;0;0;4;0;2;0;0;99;1
1410315;49,965;0;4;3;0;1;0;0;99;0
1411815;50,008;4;3;2;0;0;0;0;99;0
1413335;50,054;3;2;1;0;0;0;4;99;0
1414835;50,096;2;1;0;0;0;0;3;99;0
1416335;50,14;1;0;0;0;0;0;2;99;4
1417835;50,188;0;0;0;4;0;0;1;99;3
1419335;50,233;0;0;0;3;0;4;0;99;2
1420835;50,277;0;0;0;2;4;3;0;99;1
1422335;50,318;0;0;0;1;3;2;0;99;0
1423835;50,363;0;0;4;0;2;1;0;99;0
1425335;50,408;0;0;3;0;1;0;0;99;4
1426835;50,453;0;0;2;4;0;0;0;99;3
1428335;50,496;0;0;1;3;5;0;0;99;2
1429864;50,541;0;0;0;2;4;0;0;99;1
1431364;50,586;0;0;5;1;3;0;0;99;0
1432864;50,63;4;0;4;0;2;0;0;99;0
1434364;50,677;3;0;3;5;1;0;0;99;0
1435864;50,72;2;0;2;4;0;0;0;99;0
1437364;50,766;1;0;1;3;0;0;0;99;4
1438864;50,81;0;0;0;2;0;0;0;99;3
1440364;50,859;0;0;0;1;0;0;4;99;2
1441864;50,905;0;0;0;0;0;4;3;99;1
1443364;50,95;0;0;4;0;0;3;2;99;0
1444864;50,996;0;0;3;0;0;2;1;99;5
1446387;51,04;0;0;2;0;0;1;0;99;4
1447887;51,087;0;0;1;0;4;0;0;99;3
1449387;51,134;0;0;0;0;3;0;4;99;2
1450887;51,182;0;0;0;4;2;0;3;99;1
1452387;51,227;0;0;0;3;1;0;2;99;0
1453887;51,273;0;0;0;2;0;0;1;99;6
1455387;51,318;0;0;0;1;0;4;0;99;5
1456887;51,369;0;0;4;0;0;3;0;99;4
1458387;51,415;0;0;3;0;4;2;0;99;3
1459887;51,46;0;0;2;0;3;1;0;99;2
1461387;51,503;0;0;1;0;2;0;0;99;1
1462910;51,551;0;4;0;0;1;0;0;99;0
1464410;51,598;0;3;0;0;0;0;4;99;7
1465910;51,645;0;2;0;0;5;0;3;99;6
1467410;51,687;0;1;0;0;4;0;2;99;5
1468910;51,731;0;0;0;0;3;0;1;99;4
1470410;51,778;0;5;0;0;2;0;0;99;3
1471910;51,825;0;4;0;0;1;4;0;99;2
1473410;51,868;0;3;0;0;0;3;0;99;1
1474910;51,913;0;2;0;4;0;2;0;99;0
1476410;51,958;0;1;0;3;4;1;0;99;0
1477910;52,001;0;0;0;2;3;0;0;99;0
1479438;52,051;4;0;0;1;2;0;0;99;0
1480938;52,1;3;0;0;0;1;4;0;99;0
1482438;52,149;2;0;0;5;0;3;0;99;0
1483938;52,196;1;0;0;4;0;2;0;99;4
1485438;52,241;0;0;0;3;0;1;0;99;3
1486938;52,288;0;0;4;2;0;0;0;99;2
1488438;52,334;0;0;3;1;0;5;0;99;1
1489938;52,376;0;0;2;0;0;4;0;99;0
1491438;52,425;0;0;1;0;0;3;4;99;0
1492938;52,471;0;4;0;0;0;2;3;99;0
1494438;52,515;0;3;0;4;0;1;2;99;0
1495969;52,562;0;2;0;3;0;0;1;99;0
1497469;52,606;0;1;0;2;0;6;0;99;0
1498969;52,651;0;0;4;1;0;5;0;99;0
1500469;52,695;0;5;3;0;0;4;0;99;0
1501969;52,739;0;4;2;0;0;3;4;99;0
1503469;52,782;0;3;1;0;0;2;3;99;0
1504969;52,823;0;2;0;0;0;1;2;99;0
1506469;52,867;0;1;0;4;0;0;1;99;0
1507969;52,912;0;0;4;3;0;0;0;99;0
1509469;52,961;4;0;3;2;0;0;0;99;0
1510969;53,008;3;0;2;1;0;4;0;99;0
1512489;53,054;2;0;1;0;0;3;0;99;0
1513989;53,1;1;0;0;0;0;2;0;99;4
1515489;53,147;0;0;0;4;0;1;0;99;3
1516989;53,193;0;0;0;3;4;0;0;99;2
1518489;53,239;0;0;4;2;3;0;0;99;1
1519989;53,284;0;0;3;1;2;0;0;99;0
1521489;53,331;0;0;2;0;1;0;4;99;0
1522989;53,378;0;0;1;0;0;0;3;99;4
1524489;53,423;4;0;0;0;0;0;2;99;3
1525989;53,471;3;0;0;0;4;0;1;99;2
1527489;53,515;2;0;0;0;3;0;0;99;1
1529012;53,564;1;0;4;0;2;0;0;99;0
1530512;53,612;0;0;3;0;1;0;0;99;5
1532012;53,658;0;0;2;4;0;0;0;99;4
1533512;53,703;0;4;1;3;0;0;0;99;3
1535012;53,748;0;3;0;2;0;0;0;99;2
1536512;53,794;0;2;0;1;0;4;0;99;1
1538012;53,837;0;1;0;0;0;3;0;99;0
1539512;53,884;0;0;0;5;0;2;0;99;0
1541012;53,933;0;0;0;4;4;1;0;99;0
1542512;53,978;0;0;0;3;3;0;4;99;0
1544012;54,023;0;0;4;2;2;0;3;99;0
1545545;54,067;0;0;3;1;1;0;2;99;0
1547045;54,109;0;0;2;0;0;0;1;99;0
1548545;54,157;0;0;1;6;0;0;0;99;0
1550045;54,206;0;0;0;5;0;0;0;99;4
1551545;54,255;4;0;0;4;0;0;0;99;3
1553045;54,302;3;0;4;3;0;0;0;99;2
1554545;54,345;2;0;3;2;0;0;0;99;1
1556045;54,391;1;0;2;1;0;0;0;99;0
1557545;54,438;0;0;1;0;0;0;4;99;5
1559045;54,485;0;0;0;0;4;0;3;99;4
1560545;54,53;4;0;0;0;3;0;2;99;3
1562076;54,576;3;0;0;0;2;0;1;99;2
1563576;54,621;2;0;0;0;1;0;0;99;1
1565076;54,667;1;0;0;0;0;4;0;99;0
1566576;54,717;0;0;0;0;0;3;0;99;6
1568076;54,764;0;0;4;0;0;2;0;99;5
1569576;54,809;0;0;3;0;0;1;4;99;4
1571076;54,853;0;0;2;0;0;0;3;99;3
1572576;54,897;0;0;1;0;4;0;2;99;2
1574076;54,939;0;0;0;0;3;0;1;99;1
1575576;54,984;0;0;0;4;2;0;0;99;0
1577076;55,03;0;0;0;3;1;4;0;99;0
1578597;55,077;0;0;4;2;0;3;0;99;0
1580097;55,122;0;0;3;1;5;2;0;99;0
1581597;55,167;0;0;2;0;4;1;0;99;0
1583097;55,213;0;0;1;0;3;0;4;99;0
1584597;55,26;0;0;0;4;2;0;3;99;0
1586097;55,306;0;0;0;3;1;4;2;99;0
1587597;55,35;0;0;0;2;0;3;1;99;0
1589097;55,396;0;0;4;1;0;2;0;99;0
1590597;55,442;0;4;3;0;0;1;0;99;0
1592097;55,489;0;3;2;5;0;0;0;99;0
1593597;55,535;0;2;1;4;4;0;0;99;0
1595128;55,582;0;1;0;3;3;0;0;99;0
1596628;55,629;4;0;0;2;2;0;0;99;0
1598128;55,675;3;0;0;1;1;4;0;99;0
1599628;55,72;2;0;0;0;0;3;0;99;0
1601128;55,768;1;0;0;6;0;2;0;99;0
1602628;55,818;0;0;4;5;0;1;0;99;0
1604128;55,865;0;0;3;4;0;0;0;99;4
1605628;55,913;0;0;2;3;4;0;0;99;3
1607128;55,957;0;0;1;2;3;0;0;99;2
1608628;56,0;0;0;0;1;2;0;0;99;1
1610128;56,042;0;0;5;0;1;0;0;99;0
1611651;56,089;4;0;4;0;0;0;0;99;0
1613151;56,132;3;0;3;4;0;0;0;99;0
1614651;56,175;2;0;2;3;0;0;4;99;0
1616151;56,219;1;0;1;2;0;0;3;99;0
1617651;56,26;0;0;0;1;0;0;2;99;0
1619151;56,325;0;0;0;0;0;0;1;99;4
1620651;56,372;0;0;0;5;0;0;0;99;3
1622151;56,417;0;0;0;4;4;0;0;99;2
1623651;56,459;0;0;0;3;3;0;4;99;1
1625151;56,499;0;0;0;2;2;0;3;99;0
1626651;56,539;4;0;0;1;1;0;2;99;0
1628174;56,579;3;0;0;0;0;0;1;99;0
1629674;56,623;2;0;0;0;0;0;0;99;4
1631174;56,666;1;0;0;0;4;0;0;99;3
1632674;56,708;0;0;0;0;3;0;4;99;2
1634174;56,747;0;0;0;4;2;0;3;99;1
1635674;56,787;0;0;0;3;1;0;2;99;0
1637174;56,827;0;0;0;2;0;4;1;99;0
1638674;56,869;0;0;4;1;0;3;0;99;0
1640174;56,916;0;0;3;0;0;2;0;99;4
1641674;56,96;0;0;2;5;0;1;0;99;3
1643174;57,002;0;0;1;4;0;0;0;99;2
1644697;57,049;0;0;0;3;4;0;0;99;1
1646197;57,096;0;0;0;2;3;0;4;99;0
1647697;57,144;0;0;0;1;2;0;3;99;5
1649197;57,188;0;0;0;0;1;0;2;99;4
1650697;57,233;0;0;0;6;0;0;1;99;3
1652197;57,279;0;0;4;5;0;0;0;99;2
1653697;57,324;0;0;3;4;4;0;0;99;1
1655197;57,369;0;0;2;3;3;0;0;99;0
1656697;57,418;0;0;1;2;2;4;0;99;0
1658197;57,464;0;0;0;1;1;3;0;99;0
1659697;57,511;0;0;0;0;0;2;4;99;0
1661216;57,561;0;0;0;7;0;1;3;99;0
1662716;57,604;0;0;4;6;0;0;2;99;0
1664216;57,648;0;0;3;5;0;5;1;99;0
1665716;57,69;0;0;2;4;0;4;0;99;0
1667216;57,735;0;4;1;3;0;3;0;99;0
1668716;57,777;0;3;0;2;0;2;0;99;0
1670216;57,821;0;2;0;1;0;1;0;99;4
1671716;57,865;0;1;0;0;0;0;0;99;3
1673216;57,911;0;0;0;0;0;6;0;99;2
1674716;57,957;0;0;0;4;0;5;0;99;1
1676216;58,002;4;0;0;3;0;4;0;99;0
1677740;58,05;3;0;4;2;0;3;0;99;0
1679240;58,097;2;0;3;1;0;2;0;99;0
1680740;58,142;1;0;2;0;0;1;0;99;0
1682240;58,188;0;0;1;0;0;0;0;99;4
1683740;58,237;0;0;0;4;0;0;0;99;3
1685240;58,285;0;0;0;3;4;0;0;99;2
1686740;58,333;0;0;0;2;3;0;4;99;1
1688240;58,377;0;0;0;1;2;0;3;99;0
1689740;58,424;0;0;0;0;1;0;2;99;5
1691240;58,47;0;0;4;0;0;0;1;99;4
1692740;58,518;0;4;3;0;0;0;0;99;3
1694262;58,566;0;3;2;4;0;0;0;99;2
1695762;58,609;0;2;1;3;0;0;0;99;1
1697262;58,651;0;1;0;2;0;0;0;99;0
1698762;58,697;0;0;0;1;0;0;4;99;0
1700262;58,743;0;0;0;0;4;0;3;99;0
1701762;58,788;0;0;0;5;3;0;2;99;0
1703262;58,832;0;0;4;4;2;0;1;99;0
1704762;58,873;0;0;3;3;1;0;0;99;0
1706262;58,919;0;0;2;2;0;4;0;99;0
1707762;58,964;0;0;1;1;0;3;4;99;0
1709262;59,007;0;0;0;0;0;2;3;99;0
1710779;59,056;0;0;5;0;0;1;2;99;0
1712279;59,104;0;0;4;0;0;0;1;99;4
1713779;59,149;0;0;3;0;0;5;0;99;3
1715279;59,196;0;0;2;0;0;4;5;99;2
1716779;59,24;0;0;1;0;0;3;4;99;1
1718279;59,284;0;0;0;0;0;2;3;99;0
1719779;59,334;0;0;6;0;0;1;2;99;0
1721279;59,381;0;0;5;0;0;0;1;99;4
1722779;59,427;0;0;4;4;0;0;0;99;3
1724279;59,473;0;0;3;3;4;0;0;99;2
1725779;59,518;0;0;2;2;3;0;0;99;1
1727301;59,563;0;0;1;1;2;0;0;99;0
1728801;59,611;0;0;0;0;1;0;0;99;5
1730301;59,661;0;0;7;0;0;0;0;99;4
1731801;59,709;0;0;6;0;5;0;0;99;3
1733301;59,755;0;0;5;0;4;0;4;99;2
1734801;59,798;0;0;4;0;3;0;3;99;1
1736301;59,843;0;0;3;0;2;0;2;99;0
1737801;59,89;0;0;2;0;1;0;1;99;6
1739301;59,933;0;0;1;0;0;0;0;99;5
1740801;59,984;0;0;0;0;6;0;0;99;4
1742301;60,034;0;0;0;4;5;0;0;99;3
1743828;60,082;0;0;4;3;4;0;0;99;2
1745328;60,125;0;0;3;2;3;0;0;99;1
1746828;60,17;0;0;2;1;2;0;0;99;0
1748328;60,217;0;0;1;0;1;0;4;99;0
1749828;60,263;4;0;0;0;0;0;3;99;0
1751328;60,312;3;0;0;4;0;0;2;99;0
1752828;60,358;2;0;0;3;0;0;1;99;4
1754328;60,402;1;0;0;2;0;0;0;99;3
1755828;60,449;0;0;4;1;0;0;0;99;2
1757328;60,498;0;0;3;0;4;0;0;99;1
1758828;60,544;4;0;2;0;3;0;0;99;0
1760349;60,592;3;0;1;4;2;0;0;99;0
1761849;60,638;2;0;0;3;1;0;0;99;0
1763349;60,685;1;0;5;2;0;0;0;99;0
1764849;60,731;0;0;4;1;5;0;0;99;0
1766349;60,779;5;0;3;0;4;0;0;99;0
1767849;60,826;4;4;2;0;3;0;0;99;0
1769349;60,871;3;3;1;0;2;0;0;99;0
1770849;60,916;2;2;0;0;1;0;0;99;0
1772349;60,964;1;1;0;4;0;0;0;99;0
1773849;61,011;0;0;0;3;6;0;0;99;0
1775349;61,061;0;0;4;2;5;0;0;99;0
1776872;61,109;0;0;3;1;4;4;0;99;0
1778372;61,152;0;0;2;0;3;3;0;99;0
1779872;61,198;0;0;1;0;2;2;0;99;4
1781372;61,24;0;0;0;0;1;1;0;99;3
1782872;61,285;0;0;5;0;0;0;0;99;2
1784372;61,335;0;0;4;4;0;0;0;99;1
1785872;61,382;4;0;3;3;0;0;0;99;0
1787372;61,43;3;0;2;2;0;0;0;99;5
1788872;61,475;2;0;1;1;0;0;0;99;4
1790372;61,52;1;0;0;0;0;0;0;99;3
1791872;61,571;0;0;0;0;4;0;0;99;2
1793395;61,621;0;0;0;4;3;0;0;99;1
1794895;61,667;4;0;0;3;2;0;0;99;0
1796395;61,712;3;0;4;2;1;0;0;99;0
1797895;61,756;2;0;3;1;0;0;0;99;0
1799395;61,803;1;0;2;0;5;0;0;99;0
1800895;61,849;0;0;1;0;4;0;0;99;4
1802395;61,897;0;0;0;4;3;0;0;99;3
1803895;61,973;4;0;0;3;2;0;0;99;2
1805395;62,025;3;0;0;2;1;0;0;99;1
1806895;62,071;2;0;0;1;0;0;0;99;0
1808395;62,122;1;0;0;0;6;0;0;99;0
1809921;62,582;0;0;0;0;5;0;4;99;0
1811421;62,623;0;0;4;0;4;0;3;99;0
1812921;62,664;0;0;3;4;3;0;2;99;0
1814421;62,705;0;0;2;3;2;0;1;99;0
1815921;62,746;0;0;1;2;1;0;0;99;0
1817421;62,791;0;0;0;1;0;0;0;99;4
1818921;62,837;0;0;5;0;0;0;0;99;3
1820421;62,89;0;0;4;0;0;4;0;99;2
1821921;62,933;0;0;3;0;4;3;0;99;1
1823421;62,978;0;0;2;0;3;2;0;99;0
1824921;63,036;0;0;1;0;2;1;0;99;5
1826444;63,086;0;0;0;0;1;0;0;99;4
1827944;63,144;0;0;6;0;0;0;0;99;3
1829444;63,205;0;0;5;0;0;4;0;99;2
1830944;63,26;0;0;4;4;0;3;0;99;1
1832444;63,313;0;0;3;3;0;2;0;99;0
1833944;63,373;4;0;2;2;0;1;0;99;0
1835444;63,424;3;0;1;1;0;0;0;99;0
1836944;63,481;2;0;0;0;4;0;0;99;0
1838444;63,54;1;0;0;0;3;0;4;99;4
1839944;63,592;0;0;0;0;2;0;3;99;3
1841444;63,649;0;0;0;4;1;0;2;99;2
1842967;63,704;0;0;0;3;0;0;1;99;1
1844467;63,759;0;0;4;2;0;0;0;99;0
1845967;63,817;4;0;3;1;0;0;0;99;0
1847467;63,874;3;0;2;0;0;0;0;99;4
1848967;63,931;2;0;1;5;0;0;0;99;3
1850467;63,984;1;0;0;4;0;0;0;99;2
1851967;64,041;0;0;5;3;0;0;0;99;1
1853467;64,097;0;0;4;2;4;0;0;99;0
1854967;64,157;0;4;3;1;3;0;0;99;0
1856467;64,209;0;3;2;0;2;0;0;99;0
1857967;64,266;0;2;1;0;1;0;4;99;0
1859488;64,319;0;1;0;0;0;0;3;99;0
1860988;64,378;0;0;6;0;0;0;2;99;0
1862488;64,438;0;0;5;0;0;4;1;99;0
1863988;64,496;0;0;4;4;0;3;0;99;0
1865488;64,554;0;0;3;3;0;2;0;99;4
1866988;64,607;0;0;2;2;0;1;0;99;3
1868488;64,658;0;0;1;1;0;0;0;99;2
1869988;64,714;0;0;0;0;0;5;0;99;1
1871488;64,773;0;4;0;0;0;4;0;99;0
1872988;64,834;0;3;0;4;0;3;0;99;0
1874488;64,89;0;2;0;3;0;2;0;99;4
1876012;64,943;0;1;0;2;0;1;0;99;3
1877512;64,994;0;0;0;1;0;0;0;99;2
1879012;65,053;0;0;0;0;4;0;0;99;1
1880512;65,109;0;0;0;5;3;0;0;99;0
1882012;65,157;0;0;0;4;2;0;0;99;5
1883512;65,207;4;0;0;3;1;0;0;99;4
1885012;65,254;3;0;0;2;0;0;0;99;3
1886512;65,305;2;0;0;1;0;0;4;99;2
1888012;65,355;1;0;0;0;0;0;3;99;1
1889512;65,406;0;0;0;0;0;4;2;99;0
1891012;65,461;0;0;4;0;0;3;1;99;0
1892532;65,516;0;0;3;4;0;2;0;99;0
1894032;65,571;0;0;2;3;0;1;0;99;4
1895532;65,622;0;0;1;2;0;0;0;99;3
1897032;65,676;0;0;0;1;4;0;0;99;2
1898532;65,732;4;0;0;0;3;0;0;99;1
1900032;65,789;3;0;0;0;2;4;0;99;0
1901532;65,843;2;0;0;0;1;3;0;99;5
1903032;65,893;1;0;0;0;0;2;0;99;4
1904532;65,947;0;0;0;0;5;1;0;99;3
1906032;66,001;0;0;0;0;4;0;4;99;2
1907532;66,057;0;0;0;4;3;0;3;99;1
1909056;66,114;0;0;0;3;2;0;2;99;0
1910556;66,171;0;0;4;2;1;0;1;99;0
1912056;66,224;0;0;3;1;0;0;0;99;0
1913556;66,285;0;0;2;0;0;0;0;99;4
1915056;66,344;0;0;1;0;4;0;0;99;3
1916556;66,401;0;0;0;4;3;0;0;99;2
1918056;66,459;0;0;5;3;2;0;0;99;1
1919556;66,513;0;0;4;2;1;0;0;99;0
1921056;66,568;0;0;3;1;0;0;0;99;5
1922556;66,626;0;0;2;0;5;0;0;99;4
1924056;66,682;0;4;1;0;4;0;0;99;3
1925585;66,735;0;3;0;0;3;0;0;99;2
1927085;66,814;0;2;6;0;2;0;0;99;1
1928585;66,915;0;1;5;0;1;0;0;99;0
1930085;66,996;4;0;4;0;0;0;0;99;0
1931585;67,058;3;0;3;0;0;0;0;99;4
1933085;67,116;2;0;2;0;0;0;4;99;3
1934585;67,168;1;0;1;0;0;0;3;99;2
1936085;67,222;0;0;0;0;0;0;2;99;1
1937585;67,28;0;0;0;0;4;0;1;99;0
1939085;67,34;0;0;4;0;3;0;0;99;0
1940585;67,401;0;0;3;0;2;4;0;99;0
1942111;67,46;0;0;2;0;1;3;4;99;0
1943611;67,515;0;0;1;0;0;2;3;99;0
1945111;67,57;0;0;0;4;0;1;2;99;0
1946611;67,628;0;0;0;3;0;0;1;99;4
1948111;67,684;0;0;4;2;0;0;0;99;3
1949611;67,74;0;0;3;1;4;0;0;99;2
1951111;67,793;0;0;2;0;3;0;0;99;1
1952611;67,848;0;0;1;5;2;0;0;99;0
1954111;67,907;0;0;0;4;1;4;0;99;0
1955611;67,963;0;0;0;3;0;3;4;99;0
1957111;68,018;0;0;4;2;0;2;3;99;0
1958636;68,075;0;0;3;1;0;1;2;99;0
1960136;68,128;0;0;2;0;0;0;1;99;0
1961636;68,188;0;0;1;0;0;5;0;99;0
1963136;68,247;0;0;0;0;0;4;0;99;4
1964636;68,308;0;0;0;4;0;3;0;99;3
1966136;68,365;0;0;0;3;0;2;4;99;2
1967636;68,42;0;0;0;2;0;1;3;99;1
1969136;68,473;0;0;0;1;0;0;2;99;0
1970636;68,531;0;0;4;0;0;0;1;99;0
1972136;68,589;0;0;3;5;0;0;0;99;0
1973636;68,648;0;0;2;4;4;0;0;99;0
1975160;68,71;0;0;1;3;3;4;0;99;0
1976660;68,766;0;0;0;2;2;3;0;99;0
1978160;68,823;0;0;5;1;1;2;0;99;0
1979660;68,876;0;0;4;0;0;1;0;99;0
1981160;68,936;0;0;3;6;0;0;0;99;0
1982660;68,996;0;0;2;5;4;0;0;99;0
1984160;69,06;0;0;1;4;3;0;0;99;4
1985660;69,113;0;0;0;3;2;0;0;99;3
1987160;69,17;0;0;0;2;1;0;4;99;2
1988660;69,221;0;0;0;1;0;0;3;99;1
1990160;69,279;0;0;0;0;5;0;2;99;0
1991690;69,342;0;0;0;0;4;0;1;99;5
1993190;69,4;0;0;0;0;3;4;0;99;4
1994690;69,456;0;0;0;4;2;3;0;99;3
1996190;69,508;0;0;0;3;1;2;0;99;2
1997690;69,56;0;0;0;2;0;1;0;99;1
1999190;69,617;0;0;0;1;6;0;0;99;0
2000690;69,679;0;0;0;0;5;5;0;99;0
2002190;69,739;0;0;4;0;4;4;0;99;0
2003690;69,796;0;0;3;0;3;3;4;99;0
2005190;69,847;0;0;2;0;2;2;3;99;0
2006690;69,9;0;0;1;0;1;1;2;99;0
2008213;69,955;0;0;0;0;0;0;1;99;0
2010213;70,04;0;0;5;0;0;6;0;99;0
2011713;70,1;0;0;4;4;0;5;0;99;0
2013213;70,158;0;4;3;3;0;4;0;99;0
2014713;70,21;0;3;2;2;0;3;0;99;0
2016213;70,264;0;2;1;1;0;2;0;99;0
2017713;70,318;0;1;0;0;0;1;0;99;0
2019213;70,379;0;0;0;5;0;0;0;99;0
2021213;70,462;0;0;0;4;0;0;4;99;4
2022713;70,519;0;4;0;3;0;0;3;99;3
2024213;70,57;0;3;0;2;0;0;2;99;2
2025733;70,625;0;2;0;1;0;0;1;99;1
2027245;70,68;0;1;0;0;0;0;0;99;0
2029245;70,764;0;0;0;0;0;0;5;99;5
2030767;70,825;0;0;4;0;0;0;4;99;4
2032267;70,879;0;0;3;0;4;0;3;99;3
2033767;70,93;0;0;2;0;3;0;2;99;2
2035288;70,984;0;0;1;0;2;0;1;99;1
2036788;71,035;0;0;0;0;1;0;0;99;0
2038788;71,112;0;0;0;4;0;4;0;99;0
2040288;71,167;0;0;4;3;0;3;0;99;0
2041805;71,223;0;0;3;2;0;2;0;99;4
2043305;71,275;0;0;2;1;0;1;0;99;3
2044805;71,327;0;0;1;0;0;0;0;99;2
2046305;71,384;4;0;0;0;0;0;0;99;1
2047805;71,44;3;0;0;0;4;0;0;99;0
2049328;71,499;2;0;0;0;3;0;4;99;0
2050828;71,553;1;0;0;0;2;4;3;99;0
2052328;71,605;0;0;0;0;1;3;2;99;0
2053828;71,659;0;0;4;0;0;2;1;99;0
2055328;71,711;0;0;3;4;0;1;0;99;0
2056828;71,766;0;4;2;3;0;0;0;99;0
2058348;71,822;0;3;1;2;0;0;4;99;0
2059848;71,877;0;2;0;1;0;0;3;99;0
2061348;71,933;0;1;5;0;0;0;2;99;0
2062848;71,99;0;0;4;0;4;0;1;99;0
2064348;72,046;0;0;3;4;3;0;0;99;0
2065848;72,104;0;0;2;3;2;0;0;99;4
2067348;72,158;0;0;1;2;1;0;0;99;3
2068867;72,216;0;0;0;1;0;0;0;99;2
2070367;72,275;0;0;0;0;5;0;0;99;1
2071867;72,332;0;0;0;5;4;0;0;99;0
2073367;72,391;0;0;4;4;3;0;0;99;0
2074867;72,449;0;0;3;3;2;0;0;99;4
2076367;72,505;0;0;2;2;1;0;0;99;3
2077867;72,558;0;0;1;1;0;0;0;99;2
2079367;72,615;0;0;0;0;0;4;0;99;1
2080884;72,676;0;0;5;0;0;3;0;99;0
2082384;72,736;0;0;4;4;0;2;0;99;0
2083884;72,794;0;0;3;3;4;1;0;99;0
2085384;72,849;0;0;2;2;3;0;0;99;0
2086884;72,906;0;0;1;1;2;0;0;99;4
2088384;72,96;0;0;0;0;1;0;0;99;3
2089884;73,019;0;0;0;0;0;4;0;99;2
2091384;73,081;0;0;0;4;0;3;0;99;1
2092884;73,137;0;0;0;3;0;2;4;99;0
2094413;73,196;0;0;0;2;4;1;3;99;0
2095913;73,248;0;0;0;1;3;0;2;99;0
2097413;73,309;0;0;4;0;2;0;1;99;0
2098913;73,364;0;0;3;0;1;4;0;99;0
2100413;73,423;0;0;2;0;0;3;5;99;0
2101913;73,48;0;0;1;0;0;2;4;99;4
2103413;73,534;0;0;0;0;0;1;3;99;3
2104913;73,589;4;0;0;0;0;0;2;99;2
2106413;73,646;3;0;0;0;4;0;1;99;1
2107913;73,7;2;0;0;0;3;0;0;99;0
2109436;73,764;1;0;0;0;2;0;0;99;5
2110936;73,82;0;0;4;0;1;0;0;99;4
2112436;73,872;0;0;3;0;0;4;0;99;3
2113936;73,924;0;0;2;4;0;3;0;99;2
2115436;73,973;0;0;1;3;0;2;0;99;1
2116936;74,024;0;0;0;2;0;1;0;99;0
2118436;74,077;0;0;5;1;0;0;0;99;0
2119936;74,134;0;0;4;0;4;0;0;99;0
2121436;74,189;0;0;3;5;3;0;0;99;0
2122936;74,241;4;0;2;4;2;0;0;99;0
2124436;74,289;3;0;1;3;1;0;0;99;0
2125966;74,338;2;0;0;2;0;0;0;99;0
2127466;74,393;1;0;6;1;0;0;0;99;0
2128966;74,451;0;0;5;0;0;0;0;99;4
2130466;74,513;0;0;4;6;0;0;0;99;3
2131966;74,57;0;0;3;5;0;0;4;99;2
2133466;74,623;0;0;2;4;0;0;3;99;1
2134966;74,677;0;0;1;3;0;0;2;99;0
2136466;74,733;0;0;0;2;4;0;1;99;0
2137966;74,793;0;0;7;1;3;0;0;99;0
2139466;74,85;0;0;6;0;2;0;5;99;0
2140966;74,904;0;0;5;0;1;0;4;99;4
2142485;74,959;0;0;4;0;0;0;3;99;3
2143985;75,014;0;0;3;0;5;0;2;99;2
2145485;75,067;0;0;2;0;4;0;1;99;1
2146985;75,121;0;0;1;0;3;0;0;99;0
2148485;75,182;0;0;0;4;2;0;0;99;0
2149985;75,24;0;0;8;3;1;0;0;99;0
2151485;75,299;0;0;7;2;0;0;0;99;4
2152985;75,356;4;0;6;1;0;0;0;99;3
2154485;75,409;3;0;5;0;0;0;0;99;2
2155985;75,468;2;0;4;5;0;0;0;99;1
2157485;75,521;1;0;3;4;0;0;0;99;0
2159011;75,581;0;0;2;3;4;0;0;99;0
2160511;75,635;0;0;1;2;3;0;0;99;4
2162011;75,687;0;0;0;1;2;0;0;99;3
2163511;75,742;4;0;0;0;1;0;0;99;2
2165011;75,801;3;0;4;0;0;0;0;99;1
2166511;75,858;2;0;3;0;5;0;0;99;0
2168011;75,916;1;0;2;0;4;0;0;99;5
2169511;75,968;0;0;1;0;3;0;0;99;4
2171011;76,024;0;0;0;4;2;0;0;99;3
2172511;76,079;0;0;0;3;1;4;0;99;2
2174011;76,133;0;0;0;2;0;3;0;99;1
2175534;76,187;0;0;4;1;0;2;0;99;0
2177034;76,236;0;0;3;0;0;1;4;99;0
2178534;76,285;0;4;2;0;0;0;3;99;0
2180034;76,336;0;3;1;0;0;5;2;99;0
2181534;76,385;0;2;0;0;0;4;1;99;0
2183034;76,436;0;1;0;0;4;3;0;99;0
2184534;76,486;0;0;4;0;3;2;0;99;0
2186034;76,536;0;0;3;4;2;1;0;99;0
2187534;76,583;0;0;2;3;1;0;0;99;0
2189034;76,635;0;0;1;2;0;0;0;99;4
2190534;76,686;4;0;0;1;0;0;0;99;3
2192053;76,739;3;0;0;0;4;0;0;99;2
2193553;76,789;2;0;4;0;3;0;0;99;1
2195053;76,838;1;0;3;0;2;0;0;99;0
2196553;76,891;0;0;2;0;1;0;0;99;5
2198053;76,942;0;0;1;4;0;0;0;99;4
2199553;76,992;0;0;0;3;5;0;0;99;3
2201053;77,041;0;0;0;2;4;4;0;99;2
2202553;77,087;0;0;0;1;3;3;0;99;1
2204053;77,135;0;0;0;0;2;2;0;99;0
2205553;77,189;4;0;0;0;1;1;0;99;0
2207053;77,246;3;0;0;0;0;0;0;99;4
2208578;77,31;2;0;0;0;6;0;0;99;3
2210078;77,366;1;4;0;0;5;0;0;99;2
2211578;77,418;0;3;0;0;4;0;0;99;1
2213078;77,468;5;2;0;0;3;0;0;99;0
2214578;77,521;4;1;4;0;2;0;0;99;0
2216078;77,57;3;0;3;0;1;0;0;99;0
2217578;77,628;2;5;2;0;0;0;0;99;0
2219078;77,683;1;4;1;4;0;0;0;99;0
2220578;77,738;0;3;0;3;0;0;0;99;0
2222078;77,799;0;2;0;2;4;0;0;99;0
2223578;77,854;0;1;4;1;3;0;0;99;0
2225102;77,909;0;0;3;0;2;0;0;99;0
2226602;77,969;0;0;2;0;1;4;0;99;0
2228102;78,026;0;0;1;4;0;3;0;99;0
2229602;78,084;0;0;0;3;0;2;4;99;0
2231102;78,141;0;0;5;2;0;1;3;99;0
2232602;78,192;0;0;4;1;0;0;2;99;0
2234102;78,248;0;0;3;0;4;0;1;99;0
2235602;78,304;0;0;2;5;3;0;0;99;0
2237102;78,361;0;0;1;4;2;4;0;99;0
2238602;78,418;0;0;0;3;1;3;0;99;0
2240102;78,475;0;0;0;2;0;2;4;99;0
2241628;78,534;0;0;4;1;0;1;3;99;0
2243128;78,586;0;0;3;0;0;0;2;99;0
2244628;78,648;0;0;2;0;4;0;1;99;0
2246128;78,703;0;0;1;0;3;0;0;99;4
2247628;78,761;0;0;0;0;2;0;5;99;3
2249128;78,816;0;0;5;0;1;0;4;99;2
2250628;78,871;0;0;4;0;0;0;3;99;1
2252128;78,927;4;0;3;0;0;0;2;99;0
2253628;78,985;3;0;2;0;0;0;1;99;5
2255128;79,038;2;0;1;0;0;0;0;99;4
2256628;79,095;1;0;0;4;0;0;0;99;3
2258153;79,154;0;0;0;3;4;0;0;99;2
2259653;79,211;5;0;0;2;3;0;0;99;1
2261153;79,264;4;0;0;1;2;0;0;99;0
2262653;79,32;3;0;4;0;1;0;0;99;0
2264153;79,379;2;0;3;5;0;0;0;99;0
2265653;79,436;1;4;2;4;0;0;0;99;0
2267153;79,492;0;3;1;3;0;0;0;99;0
2268653;79,548;0;2;0;2;0;0;0;99;4
2270153;79,604;0;1;5;1;0;0;0;99;3
2271653;79,654;0;0;4;0;0;0;0;99;2
2273153;79,711;4;0;3;0;0;0;0;99;1
2274675;79,768;3;0;2;4;0;0;0;99;0
2276189;79,824;2;0;1;3;0;0;0;99;5
2277689;79,876;1;0;0;2;0;0;0;99;4
2279212;79,932;0;0;6;1;0;0;0;99;3
2280712;79,989;5;0;5;0;0;0;0;99;2
2282212;80,041;4;0;4;0;0;4;0;99;1
2283737;80,096;3;0;3;0;0;3;0;99;0
2285237;80,148;2;0;2;0;0;2;0;99;6
2286737;80,201;1;0;1;0;0;1;0;99;5
2288237;80,255;0;0;0;0;0;0;0;99;4
2290269;80,343;0;0;7;0;0;0;4;99;3
2291769;80,4;0;0;6;4;0;0;3;99;2
2293269;80,451;0;0;5;3;0;0;2;99;1
2294769;80,505;0;0;4;2;0;0;1;99;0
2296269;80,562;4;0;3;1;0;0;0;99;0
2297794;80,624;3;0;2;0;4;0;0;99;0
2299294;80,68;2;0;1;0;3;0;0;99;4
2300794;80,732;1;0;0;0;2;0;0;99;3
2302294;80,788;0;0;0;0;1;0;4;99;2
2303794;80,844;0;0;0;0;0;4;3;99;1
2305294;80,903;4;0;0;0;0;3;2;99;0
2306817;80,962;3;0;4;0;0;2;1;99;0
2308317;81,016;2;0;3;0;0;1;0;99;0
2309817;81,071;1;0;2;0;0;0;0;99;4
2311317;81,128;0;0;1;4;0;0;0;99;3
2312817;81,186;0;0;0;3;4;0;0;99;2
2314317;81,246;0;0;5;2;3;0;0;99;1
2315817;81,299;0;0;4;1;2;0;0;99;0
2317345;81,359;0;0;3;0;1;0;4;99;0
2318845;81,414;0;0;2;5;0;0;3;99;0
2320345;81,471;0;0;1;4;0;0;2;99;4
2321845;81,524;0;0;0;3;0;0;1;99;3
2323345;81,58;0;0;0;2;4;0;0;99;2
2324845;81,638;0;0;4;1;3;0;0;99;1
2326345;81,691;0;0;3;0;2;0;0;99;0
2327845;81,75;0;0;2;0;1;0;0;99;5
2329365;81,806;0;0;1;4;0;0;0;99;4
2330865;81,863;0;0;0;3;5;0;0;99;3
2332365;81,918;4;0;0;2;4;0;0;99;2
2333865;81,971;3;0;0;1;3;0;0;99;1
2335365;82,025;2;0;0;0;2;0;0;99;0
2336865;82,084;1;0;0;0;1;0;4;99;0
2338365;82,141;0;0;0;0;0;0;3;99;4
2339865;82,2;0;0;4;0;0;0;2;99;3
2341365;82,257;0;0;3;4;0;0;1;99;2
2342890;82,313;0;0;2;3;0;0;0;99;1
2344390;82,371;4;0;1;2;0;0;0;99;0
2345890;82,427;3;0;0;1;0;0;0;99;5
2347390;82,486;2;0;5;0;0;0;0;99;4
2348890;82,542;1;0;4;0;4;0;0;99;3
2350390;82,598;0;0;3;0;3;0;0;99;2
2351890;82,655;0;0;2;4;2;0;0;99;1
2353390;82,71;0;0;1;3;1;0;0;99;0
2354890;82,764;4;0;0;2;0;0;0;99;0
2356390;82,822;3;0;0;1;0;4;0;99;0
2357911;82,882;2;0;4;0;0;3;0;99;0
2359411;82,941;1;0;3;0;0;2;0;99;4
2360911;82,996;0;0;2;0;0;1;0;99;3
2362411;83,05;0;0;1;0;4;0;0;99;2
2363911;83,104;0;4;0;0;3;0;0;99;1
2365411;83,159;0;3;0;4;2;0;0;99;0
2366911;83,215;0;2;4;3;1;0;0;99;0
2368411;83,27;0;1;3;2;0;0;0;99;0
2369911;83,328;0;0;2;1;5;0;0;99;0
2371411;83,386;4;0;1;0;4;0;0;99;0
2372911;83,441;3;0;0;5;3;0;0;99;0
2374434;83,499;2;0;0;4;2;0;0;99;4
2375958;83,554;1;0;0;3;1;0;0;99;3
2377458;83,609;0;0;0;2;0;0;0;99;2
2378978;83,671;0;0;4;1;0;0;0;99;1
2380478;83,729;0;0;3;0;4;0;0;99;0
2381978;83,787;0;0;2;6;3;0;0;99;0
2383498;83,844;0;0;1;5;2;4;0;99;0
2384998;83,9;0;0;0;4;1;3;0;99;0
2386498;83,959;0;0;0;3;0;2;0;99;4
2387998;84,018;0;0;0;2;5;1;0;99;3
2389516;84,072;0;0;0;1;4;0;0;99;2
2391033;84,13;0;0;4;0;3;0;0;99;1
2392533;84,184;0;0;3;7;2;0;0;99;0
2394047;84,245;0;0;2;6;1;0;0;99;5
2395547;84,299;0;0;1;5;0;0;0;99;4
2397047;84,358;4;0;0;4;0;0;0;99;3
2398562;84,416;3;0;0;3;4;0;0;99;2
2400062;84,466;2;0;0;2;3;0;0;99;1
2401562;84,52;1;0;0;1;2;0;0;99;0
2403062;84,578;0;0;0;0;1;0;0;99;6
2404582;84,642;0;0;0;0;0;4;0;99;5
2406100;84,703;0;0;0;0;5;3;0;99;4
2407600;84,757;4;0;0;0;4;2;0;99;3
2409118;84,812;3;0;0;0;3;1;0;99;2
2410618;84,866;2;0;0;0;2;0;0;99;1
2412118;84,923;1;0;0;4;1;0;0;99;0
2413636;84,982;0;0;0;3;0;0;0;99;7
2415136;85,041;0;0;4;2;0;0;0;99;6
2416636;85,096;0;0;3;1;4;0;0;99;5
2418136;85,152;0;0;2;0;3;0;0;99;4
2419661;85,208;0;0;1;5;2;0;0;99;3
2421161;85,263;0;0;0;4;1;0;0;99;2
2422661;85,32;0;0;5;3;0;0;0;99;1
2424161;85,378;0;0;4;2;5;0;0;99;0
2425661;85,435;0;4;3;1;4;0;0;99;0
2427190;85,49;0;3;2;0;3;0;0;99;0
2428690;85,547;0;2;1;6;2;0;0;99;0
2430190;85,602;0;1;0;5;1;0;0;99;0
2431690;85,659;0;0;0;4;0;0;4;99;0
2433190;85,716;0;0;0;3;0;0;3;99;4
2434690;85,772;0;0;4;2;0;0;2;99;3
2436209;85,826;0;0;3;1;0;0;1;99;2
2437709;85,88;0;0;2;0;0;0;0;99;1
2439209;85,939;0;0;1;0;0;4;0;99;0
2440709;85,999;0;0;0;4;0;3;0;99;0
2442209;86,059;0;0;0;3;0;2;0;99;4
2443709;86,113;0;0;0;2;4;1;0;99;3
2445209;86,167;0;0;0;1;3;0;0;99;2
2446737;86,225;0;0;0;0;2;5;0;99;1
2448237;86,283;0;4;0;0;1;4;0;99;0
2449737;86,338;0;3;4;0;0;3;0;99;0
2451237;86,393;0;2;3;0;0;2;0;99;4
2452737;86,446;0;1;2;0;0;1;0;99;3
2454237;86,498;0;0;1;0;0;0;0;99;2
2455737;86,561;0;0;0;4;0;0;0;99;1
2457237;86,622;0;0;0;3;0;4;0;99;0
2458762;86,685;0;0;0;2;4;3;0;99;0
2460262;86,739;0;0;0;1;3;2;0;99;4
2461762;86,791;0;0;0;0;2;1;0;99;3
2463262;86,846;0;0;4;0;1;0;0;99;2
2464762;86,906;0;0;3;0;0;5;0;99;1
2466262;86,962;0;4;2;0;0;4;0;99;0
2467762;87,018;0;3;1;0;4;3;0;99;0
2469262;87,071;0;2;0;0;3;2;0;99;0
2470762;87,125;0;1;5;0;2;1;0;99;0
2472283;87,18;0;0;4;0;1;0;0;99;0
2473783;87,237;4;0;3;0;0;0;0;99;0
2475283;87,295;3;0;2;0;0;0;0;99;4
2476783;87,349;2;4;1;0;0;0;0;99;3
2478283;87,402;1;3;0;0;0;0;0;99;2
2479783;87,458;0;2;6;0;0;0;0;99;1
2481283;87,515;0;1;5;4;0;0;0;99;0
2482783;87,574;4;0;4;3;0;0;0;99;0
2484283;87,631;3;5;3;2;0;0;0;99;0
2485783;87,684;2;4;2;1;0;0;0;99;0
2487300;87,739;1;3;1;0;0;0;0;99;0
2488800;87,797;0;2;0;0;4;0;0;99;0
2490300;87,856;0;1;0;4;3;0;0;99;0
2491800;87,915;0;0;0;3;2;0;0;99;4
2493300;87,971;0;6;0;2;1;0;0;99;3
2494800;88,022;0;5;0;1;0;0;0;99;2
2496300;88,078;0;4;0;0;0;4;0;99;1
2497800;88,134;4;3;0;0;0;3;0;99;0
2499300;88,192;3;2;4;0;0;2;0;99;0
2500800;88,245;2;1;3;0;0;1;0;99;0
2502300;88,299;1;0;2;0;0;0;0;99;0
2503826;88,361;0;0;1;4;0;0;0;99;0
2505326;88,425;0;4;0;3;0;0;0;99;0
2506826;88,484;0;3;0;2;4;0;0;99;0
2508326;88,542;0;2;4;1;3;0;0;99;0
2509826;88,596;0;1;3;0;2;0;0;99;0
2511326;88,652;0;0;2;5;1;0;0;99;0
2512826;88,709;0;5;1;4;0;0;0;99;0
2514326;88,765;0;4;0;3;0;0;0;99;4
2515826;88,822;0;3;0;2;4;0;0;99;3
2517326;88,876;0;2;0;1;3;0;0;99;2
2518826;88,931;0;1;0;0;2;0;0;99;1
2520345;88,988;0;0;0;6;1;0;0;99;0
2521845;89,046;0;0;0;5;0;0;0;99;5
2523345;89,105;0;0;4;4;0;0;0;99;4
2524845;89,163;0;4;3;3;0;0;0;99;3
2526345;89,218;0;3;2;2;0;0;0;99;2
2527845;89,271;0;2;1;1;0;0;0;99;1
2529345;89,325;0;1;0;0;0;0;0;99;0
2531345;89,406;4;0;5;0;0;0;0;99;0
2532845;89,466;3;0;4;4;0;0;0;99;0
2534345;89,525;2;0;3;3;0;4;0;99;0
2535845;89,579;1;0;2;2;0;3;0;99;0
2537365;89,635;0;0;1;1;0;2;0;99;0
2538865;89,689;0;0;0;0;0;1;0;99;4
2540365;89,748;0;0;0;5;0;0;0;99;3
2541865;89,808;4;0;0;4;0;0;0;99;2
2543365;89,866;3;4;0;3;0;0;0;99;1
2544865;89,937;2;3;0;2;0;0;0;99;0
2546365;89,993;1;2;0;1;0;0;0;99;5
2547865;90,048;0;1;0;0;0;0;0;99;4
2549365;90,109;0;0;0;6;0;0;0;99;3
2550865;90,171;0;0;0;5;4;0;0;99;2
2552365;90,227;0;0;4;4;3;0;0;99;1
2553883;90,283;0;0;3;3;2;0;0;99;0
2555383;90,341;4;0;2;2;1;0;0;99;0
2556883;90,398;3;0;1;1;0;0;0;99;0
2558383;90,456;2;4;0;0;0;0;0;99;0
2559883;90,515;1;3;5;0;0;0;0;99;0
2561383;90,573;0;2;4;0;0;4;0;99;0
2562883;90,631;5;1;3;0;0;3;0;99;0
2564383;90,687;4;0;2;0;0;2;0;99;0
2565883;90,746;3;0;1;0;4;1;0;99;0
2567383;90,802;2;0;0;0;3;0;0;99;0
2568883;90,863;1;0;6;0;2;0;0;99;0
2570400;90,925;0;0;5;0;1;0;4;99;0
2571900;90,981;0;0;4;4;0;0;3;99;0
2573400;91,035;0;0;3;3;5;0;2;99;0
2574900;91,09;0;0;2;2;4;0;1;99;0
2576400;91,143;0;0;1;1;3;0;0;99;0
2577900;91,204;0;4;0;0;2;0;0;99;0
2579400;91,264;0;3;0;0;1;0;0;99;4
2580900;91,322;0;2;0;0;0;4;0;99;3
2582400;91,376;0;1;0;4;0;3;0;99;2
2583900;91,43;0;0;0;3;0;2;0;99;1
2585400;91,487;0;0;4;2;0;1;0;99;0
2586920;91,548;0;0;3;1;0;0;0;99;5
2588420;91,605;4;0;2;0;0;0;0;99;4
2589920;91,662;3;0;1;0;4;0;0;99;3
2591420;91,716;2;0;0;0;3;0;0;99;2
2592920;91,835;1;0;5;0;2;0;0;99;1
2594420;91,938;0;0;4;0;1;0;0;99;0
2595920;92,066;0;0;3;0;0;4;0;99;0
2597420;92,2;0;0;2;4;0;3;0;99;0
2598920;92,304;4;0;1;3;0;2;0;99;0
2600420;92,345;3;0;0;2;0;1;0;99;0
2601920;92,39;2;0;0;1;4;0;0;99;0
2603443;92,435;1;0;0;0;3;5;0;99;0
2604943;92,479;0;0;0;0;2;4;0;99;4
2606443;92,52;0;0;0;4;1;3;0;99;3
2607943;92,568;0;0;0;3;0;2;0;99;2
2609443;92,622;0;0;4;2;0;1;0;99;1
2610943;92,669;0;0;3;1;0;0;0;99;0
2612443;92,727;0;0;2;0;4;0;0;99;0
2613943;92,78;0;0;1;0;3;0;0;99;4
2615443;92,828;0;0;0;0;2;4;0;99;3
2616943;92,878;0;0;5;0;1;3;0;99;2
2618443;92,924;0;0;4;0;0;2;0;99;1
2619964;92,971;0;0;3;0;0;1;4;99;0
2621464;93,017;0;0;2;4;0;0;3;99;0
2622964;93,058;0;0;1;3;4;0;2;99;0
2624464;93,093;0;0;0;2;3;0;1;99;0
2625964;93,13;4;0;0;1;2;0;0;99;0
2627464;93,168;3;0;0;0;1;0;0;99;4
2628964;93,205;2;0;0;0;0;0;4;99;3
2630464;93,242;1;0;0;0;5;0;3;99;2
2631964;93,278;0;0;0;0;4;0;2;99;1
2633464;93,321;0;0;4;0;3;0;1;99;0
2634964;93,373;0;4;3;0;2;0;0;99;0
2636482;93,433;4;3;2;0;1;0;0;99;0
2637982;93,487;3;2;1;0;0;0;0;99;0
2639482;93,545;2;1;0;0;0;0;0;99;4
2640982;93,612;1;0;5;0;0;0;0;99;3
2642482;93,669;0;0;4;0;4;0;0;99;2
2643982;93,724;0;0;3;4;3;0;0;99;1
2645482;93,778;0;0;2;3;2;0;0;99;0
2646982;93,836;4;0;1;2;1;0;0;99;0
2648482;93,888;3;0;0;1;0;0;0;99;0
2649982;93,948;2;0;6;0;0;0;0;99;0
2651482;94,007;1;0;5;0;0;0;0;99;4
2652999;94,066;0;4;4;0;0;0;0;99;3
2654499;94,123;0;3;3;4;0;0;0;99;2
2655999;94,176;0;2;2;3;0;0;0;99;1
2657499;94,23;0;1;1;2;0;0;0;99;0
2658999;94,286;0;0;0;1;4;0;0;99;0
2660499;94,345;0;0;7;0;3;0;0;99;0
2661999;94,404;0;0;6;0;2;4;0;99;0
2663499;94,462;0;0;5;4;1;3;0;99;0
2664999;94,518;0;0;4;3;0;2;0;99;0
2666499;94,575;0;4;3;2;0;1;0;99;0
2667999;94,63;0;3;2;1;0;0;0;99;0
2669514;94,686;4;2;1;0;0;0;0;99;0
2671014;94,742;3;1;0;0;0;4;0;99;0
2672514;94,798;2;0;8;0;0;3;0;99;0
2674014;94,856;1;0;7;0;4;2;0;99;0
2675514;94,913;0;0;6;0;3;1;0;99;0
2677014;94,971;0;0;5;4;2;0;0;99;0
2678514;95,027;0;0;4;3;1;0;4;99;0
2680014;95,079;0;0;3;2;0;0;3;99;0
2681514;95,134;0;0;2;1;5;0;2;99;0
2683014;95,186;0;0;1;0;4;0;1;99;0
2684514;95,241;4;0;0;0;3;0;0;99;0
2686036;95,305;3;0;0;0;2;4;0;99;0
2687536;95,361;2;0;0;4;1;3;0;99;0
2689036;95,416;1;0;0;3;0;2;0;99;0
2690536;95,475;0;0;0;2;0;1;0;99;4
2692036;95,53;0;0;4;1;0;0;0;99;3
2693536;95,585;0;4;3;0;0;0;0;99;2
2695036;95,642;0;3;2;0;0;0;4;99;1
2696536;95,695;0;2;1;0;0;0;3;99;0
2698036;95,753;0;1;0;0;0;4;2;99;0
2699536;95,825;0;0;5;0;0;3;1;99;0
2701036;95,902;0;5;4;0;0;2;0;99;0
2702552;95,96;0;4;3;0;0;1;5;99;0
2704052;96,012;0;3;2;0;0;0;4;99;0
2705552;96,071;0;2;1;0;0;5;3;99;0
2707052;96,124;0;1;0;0;0;4;2;99;0
2708552;96,178;0;0;6;0;0;3;1;99;0
2710052;96,235;0;0;5;0;0;2;0;99;4
2711552;96,29;4;0;4;0;0;1;0;99;3
2713052;96,344;3;0;3;0;0;0;0;99;2
2714552;96,402;2;0;2;0;4;0;0;99;1
2716052;96,455;1;0;1;0;3;0;0;99;0
2717552;96,511;0;0;0;0;2;0;0;99;5
2719074;96,572;0;0;0;0;1;0;4;99;4
2720574;96,627;4;0;0;0;0;0;3;99;3
2722074;96,683;3;0;0;4;0;0;2;99;2
2723574;96,735;2;0;0;3;0;0;1;99;1
2725074;96,789;1;0;0;2;0;0;0;99;0
2726574;96,848;0;0;4;1;0;0;0;99;0
2728074;96,907;0;0;3;0;4;0;0;99;0
2729574;96,967;0;0;2;5;3;0;0;99;0
2731074;97,023;4;0;1;4;2;0;0;99;0
2732574;97,078;3;0;0;3;1;0;0;99;0
2734074;97,135;2;0;5;2;0;0;0;99;0
2735596;97,194;1;0;4;1;0;4;0;99;0
2737096;97,248;0;0;3;0;0;3;0;99;0
2738596;97,308;5;0;2;0;0;2;0;99;0
2740096;97,363;4;0;1;0;0;1;0;99;4
2741596;97,418;3;0;0;0;0;0;0;99;3
2743096;97,478;2;4;0;0;0;0;0;99;2
2744596;97,535;1;3;0;0;0;4;0;99;1
2746096;97,587;0;2;0;0;0;3;0;99;0
2747596;97,645;0;1;4;0;0;2;0;99;0
2749096;97,702;0;0;3;0;0;1;0;99;4
2750596;97,759;0;5;2;0;0;0;0;99;3
2752120;97,819;0;4;1;0;4;0;0;99;2
2753620;97,871;0;3;0;0;3;0;0;99;1
2755120;97,926;0;2;0;0;2;4;0;99;0
2756620;97,982;0;1;4;0;1;3;0;99;0
2758120;98,037;0;0;3;0;0;2;0;99;0
2759620;98,097;0;0;2;4;0;1;0;99;0
2761120;98,154;0;0;1;3;0;0;4;99;0
2762620;98,209;4;0;0;2;0;0;3;99;0
2764120;98,264;3;0;0;1;4;0;2;99;0
2765620;98,319;2;0;0;0;3;0;1;99;0
2767120;98,377;1;0;0;0;2;0;0;99;4
2768638;98,437;0;0;0;0;1;0;5;99;3
2770138;98,491;5;0;0;0;0;0;4;99;2
2771638;98,545;4;0;4;0;0;0;3;99;1
2773138;98,598;3;0;3;0;0;0;2;99;0
2774638;98,654;2;0;2;0;4;0;1;99;0
2776138;98,708;1;0;1;0;3;0;0;99;0
2777638;98,765;0;0;0;4;2;0;0;99;0
2779138;98,823;0;0;0;3;1;4;0;99;0
2780638;98,881;4;0;0;2;0;3;0;99;0
2782138;98,937;3;0;4;1;0;2;0;99;0
2783638;98,991;2;0;3;0;0;1;0;99;0
2785159;99,05;1;4;2;0;0;0;0;99;0
2786659;99,108;0;3;1;4;0;0;0;99;0
2788159;99,162;0;2;0;3;0;0;4;99;0
2789659;99,216;0;1;5;2;0;0;3;99;0
2791159;99,269;0;0;4;1;0;0;2;99;0
2792659;99,327;0;5;3;0;0;0;1;99;0
2794159;99,384;0;4;2;0;4;0;0;99;0
2795659;99,44;0;3;1;4;3;0;0;99;0
2797159;99,492;0;2;0;3;2;0;0;99;0
2798659;99,548;0;1;6;2;1;0;0;99;0
2800159;99,603;0;0;5;1;0;0;0;99;0
2801683;99,665;0;0;4;0;0;0;0;99;4
2803183;99,725;4;0;3;0;0;0;0;99;3
2804683;99,781;3;0;2;0;4;0;0;99;2
2806183;99,834;2;0;1;0;3;0;0;99;1
2807683;99,888;1;0;0;0;2;0;0;99;0
2809183;99,948;0;0;0;0;1;4;0;99;0
2810683;100,059;0;0;4;0;0;3;0;99;0
2812183;100,28;0;4;3;0;0;2;0;99;0
2813683;100,456;0;3;2;0;0;1;4;99;0
2815183;100,604;0;2;1;0;0;0;3;99;0
2816683;100,748;4;1;0;0;0;0;2;99;0
2818202;100,813;3;0;0;0;4;0;1;99;0
2819702;100,869;2;0;0;0;3;4;0;99;0
2821202;100,927;1;0;0;0;2;3;0;99;4
2822702;100,98;0;0;0;0;1;2;0;99;3
2824202;101,036;5;0;0;0;0;1;0;99;2
2825702;101,09;4;0;4;0;0;0;0;99;1
2827202;101,142;3;0;3;0;4;0;0;99;0
2828702;101,197;2;0;2;0;3;0;0;99;5
2830202;101,251;1;0;1;0;2;0;0;99;4
2831702;101,305;0;0;0;0;1;0;0;99;3
2833202;101,363;0;0;0;4;0;0;0;99;2
2834721;101,425;0;0;4;3;0;0;0;99;1
2836221;101,48;0;4;3;2;0;0;0;99;0
2837721;101,537;4;3;2;1;0;0;0;99;0
2839221;101,589;3;2;1;0;0;0;0;99;0
2840721;101,647;2;1;0;0;0;0;0;99;4
2842221;101,704;1;0;5;0;0;0;0;99;3
2843721;101,76;0;0;4;0;4;0;0;99;2
2845221;101,817;0;0;3;0;3;4;0;99;1
2846721;101,868;0;0;2;0;2;3;0;99;0
2848221;101,923;0;0;1;4;1;2;0;99;0
2849721;101,977;0;0;0;3;0;1;0;99;0
2851246;102,039;4;0;0;2;0;0;0;99;0
2852746;102,097;3;0;0;1;4;0;0;99;0
2854246;102,156;2;0;4;0;3;0;0;99;0
2855746;102,212;1;0;3;0;2;0;0;99;4
2857246;102,266;0;0;2;0;1;0;0;99;3
2858746;102,324;0;0;1;4;0;0;0;99;2
2860246;102,38;0;0;0;3;5;0;0;99;1
2861746;102,435;4;0;0;2;4;0;0;99;0
2863246;102,492;3;0;4;1;3;0;0;99;0
2864746;102,546;2;0;3;0;2;0;0;99;0
2866246;102,6;1;0;2;0;1;0;0;99;4
2867769;102,657;0;0;1;0;0;0;0;99;3
2869269;102,717;5;0;0;0;0;0;0;99;2
2870769;102,777;4;0;5;0;0;0;0;99;1
2872269;102,834;3;0;4;0;0;4;0;99;0
2873769;102,888;2;4;3;0;0;3;0;99;0
2875269;102,94;1;3;2;0;0;2;0;99;0
2876769;102,993;0;2;1;0;0;1;0;99;0
2878269;103,047;6;1;0;0;0;0;0;99;0
2879769;103,105;5;0;6;0;0;0;0;99;0
2881269;103,161;4;0;5;0;0;4;0;99;0
2882769;103,214;3;0;4;0;0;3;0;99;4
2884292;103,269;2;0;3;0;0;2;0;99;3
2885792;103,32;1;0;2;0;0;1;0;99;2
2887292;103,373;0;0;1;0;0;0;0;99;1
2888792;103,432;0;0;0;0;0;5;0;99;0
2890792;103,512;0;0;7;4;0;4;0;99;0
2892292;103,57;0;0;6;3;0;3;0;99;4
2893792;103,623;0;0;5;2;0;2;0;99;3
2895292;103,678;0;0;4;1;0;1;0;99;2
2896792;103,73;0;0;3;0;0;0;0;99;1
2898292;103,786;0;0;2;5;0;0;0;99;0
2899792;103,844;0;4;1;4;0;0;0;99;0
2901310;103,899;4;3;0;3;0;0;0;99;0
2902810;103,954;3;2;0;2;4;0;0;99;0
2904310;104,006;2;1;0;1;3;0;0;99;0
2905810;104,059;1;0;0;0;2;0;0;99;0
2907310;104,115;0;0;0;6;1;0;0;99;0
2908810;104,17;0;0;4;5;0;0;0;99;0
2910310;104,228;0;0;3;4;0;0;0;99;4
2911810;104,282;0;0;2;3;0;0;4;99;3
2913310;104,336;0;0;1;2;0;0;3;99;2
2914810;104,384;0;0;0;1;0;0;2;99;1
2916310;104,433;0;0;0;0;4;0;1;99;0
2917832;104,483;0;0;0;0;3;4;0;99;0
2919332;104,537;0;0;0;4;2;3;0;99;0
2920832;104,587;0;0;4;3;1;2;0;99;0
2922332;104,637;0;0;3;2;0;1;0;99;0
2923832;104,684;4;0;2;1;0;0;0;99;0
2925332;104,734;3;0;1;0;4;0;0;99;0
2926832;104,786;2;0;0;0;3;0;0;99;4
2928332;104,835;1;0;5;0;2;0;0;99;3
2929832;104,885;0;0;4;0;1;0;0;99;2
2931332;104,939;0;0;3;4;0;0;0;99;1
2932832;104,99;0;0;2;3;0;4;0;99;0
2934354;105,042;4;0;1;2;0;3;0;99;0
2935854;105,093;3;0;0;1;0;2;0;99;0
2937354;105,144;2;0;0;0;4;1;0;99;0
2938854;105,198;1;0;0;5;3;0;0;99;0
2940354;105,25;0;0;4;4;2;0;0;99;0
2941854;105,303;5;0;3;3;1;0;0;99;0
2943354;105,356;4;0;2;2;0;0;0;99;0
2944854;105,409;3;4;1;1;0;0;0;99;0
2946354;105,458;2;3;0;0;0;0;0;99;0
2947854;105,516;1;2;0;6;0;0;0;99;0
2949354;105,57;0;1;0;5;0;0;0;99;4
2950875;105,625;0;0;4;4;0;0;0;99;3
2952375;105,677;0;0;3;3;4;0;0;99;2
2953875;105,727;0;0;2;2;3;0;0;99;1
2955375;105,78;0;0;1;1;2;0;0;99;0
2956875;105,836;4;0;0;0;1;0;0;99;0
2958375;105,896;3;0;0;7;0;0;0;99;0
2959875;105,955;2;0;0;6;5;0;0;99;0
2961375;106,01;1;0;4;5;4;0;0;99;0
2962875;106,065;0;0;3;4;3;0;0;99;0
2964375;106,122;0;0;2;3;2;4;0;99;0
2965875;106,178;0;0;1;2;1;3;0;99;0
2967396;106,233;0;0;0;1;0;2;0;99;0
2968896;106,292;0;0;5;0;0;1;0;99;0
2970396;106,352;0;0;4;8;0;0;0;99;0
2971896;106,411;4;0;3;7;0;0;0;99;0
2973396;106,468;3;0;2;6;0;0;0;99;4
2974896;106,521;2;0;1;5;0;0;0;99;3
2976396;106,578;1;0;0;4;0;0;0;99;2
2977896;106,631;0;0;0;3;0;4;0;99;1
2979396;106,688;0;4;0;2;0;3;0;99;0
2980896;106,743;0;3;4;1;0;2;0;99;0
2982396;106,797;0;2;3;0;0;1;0;99;0
2983918;106,856;4;1;2;0;0;0;0;99;0
2985418;106,915;3;0;1;4;0;0;0;99;0
2986918;106,972;2;0;0;3;0;0;0;99;4
2988418;107,026;1;0;0;2;4;0;0;99;3
2989918;107,079;0;0;0;1;3;0;0;99;2
2991418;107,135;0;0;4;0;2;0;0;99;1
2992918;107,193;4;0;3;0;1;0;0;99;0
2994418;107,25;3;0;2;0;0;0;0;99;5
2995918;107,307;2;0;1;0;0;0;4;99;4
2997418;107,359;1;0;0;0;0;0;3;99;3
2998918;107,417;0;0;0;0;4;0;2;99;2
3000439;107,474;5;0;0;0;3;0;1;99;1
3001939;107,528;4;0;0;0;2;0;0;99;0
3003439;107,587;3;0;0;0;1;0;0;99;6
3004939;107,644;2;0;0;4;0;0;0;99;5
3006439;107,702;1;0;0;3;0;0;4;99;4
3007939;107,754;0;0;0;2;0;0;3;99;3
3009439;107,81;0;0;0;1;4;0;2;99;2
3010939;107,862;0;0;0;0;3;0;1;99;1
3012439;107,92;0;0;4;0;2;0;0;99;0
3013939;107,981;0;0;3;0;1;4;0;99;0
3015439;108,041;4;0;2;0;0;3;0;99;0
3016959;108,098;3;0;1;4;0;2;0;99;0
3018459;108,151;2;0;0;3;0;1;0;99;0
3019959;108,209;1;0;0;2;4;0;0;99;0
3021459;108,267;0;0;0;1;3;5;0;99;0
3022959;108,323;5;0;0;0;2;4;0;99;0
3024459;108,378;4;0;0;5;1;3;0;99;0
3025959;108,433;3;0;0;4;0;2;0;99;0
3027459;108,491;2;0;4;3;0;1;0;99;0
3028959;108,548;1;0;3;2;0;0;0;99;0
3030459;108,604;0;0;2;1;4;0;0;99;0
3031959;108,658;6;0;1;0;3;0;0;99;0
3033475;108,711;5;0;0;0;2;0;0;99;4
3034975;108,767;4;4;0;0;1;0;0;99;3
3036475;108,817;3;3;0;0;0;0;0;99;2
3037975;108,87;2;2;0;4;0;0;0;99;1
3039475;108,918;1;1;0;3;0;0;0;99;0
3040975;108,967;0;0;0;2;0;0;0;99;5
3042475;109,02;0;0;0;1;0;0;4;99;4
3043975;109,07;0;0;4;0;0;0;3;99;3
3045475;109,121;4;0;3;0;0;0;2;99;2
3046975;109,168;3;0;2;0;0;0;1;99;1
3048475;109,214;2;0;1;0;0;0;0;99;0
3049996;109,271;1;4;0;0;0;0;0;99;0
3051496;109,323;0;3;0;0;0;4;0;99;0
3052996;109,378;0;2;0;0;0;3;0;99;4
3054496;109,433;0;1;0;0;0;2;4;99;3
3055996;109,481;0;0;0;0;0;1;3;99;2
3057496;109,531;4;0;0;0;0;0;2;99;1
3058996;109,586;3;0;4;0;0;0;1;99;0
3060496;109,641;2;0;3;0;0;0;0;99;5
3061996;109,699;1;4;2;0;0;0;0;99;4
3063496;109,752;0;3;1;0;0;0;0;99;3
3064996;109,806;5;2;0;0;0;0;0;99;2
3066516;109,865;4;1;5;0;0;0;0;99;1
3068016;109,917;3;0;4;0;0;0;0;99;0
3069516;109,975;2;0;3;0;0;4;0;99;0
3071016;110,03;1;0;2;0;0;3;0;99;4
3072516;110,083;0;0;1;0;0;2;0;99;3
3074016;110,14;0;0;0;4;0;1;0;99;2
3075516;110,193;0;0;0;3;4;0;0;99;1
3077016;110,25;0;0;0;2;3;5;0;99;0
3078516;110,308;0;0;0;1;2;4;4;99;0
3080016;110,361;0;0;0;0;1;3;3;99;0
3081516;110,416;0;0;4;0;0;2;2;99;0
3083042;110,474;0;0;3;4;0;1;1;99;0
3084542;110,527;0;0;2;3;0;0;0;99;0
3086042;110,586;0;0;1;2;4;0;0;99;0
3087542;110,642;0;0;0;1;3;0;0;99;4
3089042;110,7;0;0;5;0;2;0;0;99;3
3090542;110,755;0;0;4;5;1;0;0;99;2
3092042;110,803;0;0;3;4;0;0;0;99;1
3093542;110,853;0;0;2;3;5;0;0;99;0
3095042;110,903;0;0;1;2;4;0;0;99;5
3096542;110,951;0;0;0;1;3;0;0;99;4
3098042;111,0;0;0;6;0;2;0;0;99;3
3099563;111,05;0;0;5;0;1;0;4;99;2
3101063;111,097;0;0;4;0;0;0;3;99;1
3102563;111,145;0;0;3;4;0;0;2;99;0
3104063;111,194;0;0;2;3;0;0;1;99;6
3105563;111,241;0;0;1;2;0;0;0;99;5
3107063;111,292;0;4;0;1;0;0;0;99;4
3108563;111,342;0;3;7;0;0;0;0;99;3
3110063;111,391;4;2;6;0;0;0;0;99;2
3111563;111,439;3;1;5;0;0;0;0;99;1
3113063;111,488;2;0;4;0;0;0;0;99;0
3114563;111,541;1;0;3;0;0;4;0;99;0
3116084;111,597;0;0;2;0;0;3;0;99;4
3117584;111,653;0;0;1;4;0;2;0;99;3
3119084;111,705;0;0;0;3;0;1;0;99;2
3120584;111,762;0;4;0;2;0;0;0;99;1
3122084;111,818;0;3;0;1;0;5;0;99;0
3123584;111,874;0;2;4;0;0;4;0;99;0
3125084;111,932;4;1;3;0;0;3;0;99;0
3126584;111,986;3;0;2;0;0;2;0;99;0
3128084;112,045;2;0;1;0;4;1;0;99;0
3129584;112,1;1;0;0;0;3;0;0;99;0
3131084;112,159;0;0;0;0;2;0;0;99;4
3132605;112,222;0;0;0;4;1;0;0;99;3
3134105;112,278;0;0;0;3;0;4;0;99;2
3135605;112,334;4;0;0;2;0;3;0;99;1
3137105;112,389;3;0;0;1;0;2;0;99;0
3138605;112,444;2;0;0;0;0;1;0;99;5
3140105;112,5;1;0;0;0;0;0;4;99;4
3141605;112,583;0;4;0;0;0;0;3;99;3
3143105;112,688;0;3;4;0;0;0;2;99;2
3144605;112,787;0;2;3;0;0;0;1;99;1
3146105;112,844;0;1;2;0;0;0;0;99;0
3147605;112,903;0;0;1;0;0;0;0;99;6
3149125;112,964;4;0;0;0;0;0;0;99;5
3150625;113,024;3;0;0;0;4;0;0;99;4
3152125;113,081;2;0;0;0;3;4;0;99;3
3153625;113,134;1;0;0;0;2;3;0;99;2
3155125;113,188;0;0;0;0;1;2;0;99;1
3156625;113,245;0;0;4;0;0;1;0;99;0
3158125;113,303;4;0;3;0;0;0;0;99;0
3159625;113,364;3;0;2;0;0;5;0;99;0
3161125;113,42;2;4;1;0;0;4;0;99;0
3162625;113,475;1;3;0;0;0;3;0;99;0
3164125;113,529;0;2;0;4;0;2;0;99;0
3165650;113,589;0;1;0;3;4;1;0;99;0
3167150;113,644;0;0;0;2;3;0;0;99;0
3168650;113,705;4;0;0;1;2;0;0;99;0
3170150;113,76;3;0;4;0;1;0;0;99;0
3171650;113,818;2;0;3;5;0;0;0;99;0
3173150;113,874;1;0;2;4;5;0;0;99;0
3174650;113,928;0;0;1;3;4;0;0;99;0
3176150;113,988;0;0;0;2;3;0;0;99;4
3177650;114,044;0;0;5;1;2;0;0;99;3
3179150;114,097;0;0;4;0;1;0;0;99;2
3180650;114,154;0;0;3;6;0;0;0;99;1
3182167;114,21;0;0;2;5;6;0;0;99;0
3183667;114,264;4;0;1;4;5;0;0;99;0
3185167;114,314;3;0;0;3;4;0;0;99;0
3186667;114,368;2;0;6;2;3;0;0;99;0
3188167;114,417;1;0;5;1;2;0;0;99;0
3189667;114,469;0;0;4;0;1;0;0;99;0
3191167;114,525;0;0;3;7;0;0;0;99;0
3192667;114,581;4;0;2;6;0;0;0;99;0
3194167;114,636;3;0;1;5;0;0;0;99;4
3195667;114,687;2;0;0;4;0;0;0;99;3
3197167;114,742;1;0;7;3;0;0;0;99;2
3198693;114,793;0;0;6;2;0;0;0;99;1
3200193;114,845;0;0;5;1;0;4;0;99;0
3201693;114,903;4;0;4;0;0;3;0;99;0
3203193;114,957;3;0;3;0;0;2;0;99;4
3204693;115,011;2;0;2;0;0;1;0;99;3
3206193;115,063;1;0;1;0;0;0;0;99;2
3207693;115,118;0;0;0;0;4;0;0;99;1
3209193;115,181;0;0;0;4;3;0;0;99;0
3210693;115,242;0;0;0;3;2;4;0;99;0
3212193;115,301;0;4;0;2;1;3;0;99;0
3213693;115,352;0;3;0;1;0;2;0;99;0
3215216;115,409;0;2;0;0;0;1;0;99;4
3216716;115,468;4;1;0;0;0;0;0;99;3
3218216;115,526;3;0;0;4;0;0;0;99;2
3219716;115,585;2;0;0;3;0;0;4;99;1
3221216;115,637;1;0;0;2;0;0;3;99;0
3222716;115,692;0;0;0;1;4;0;2;99;0
3224216;115,748;0;0;0;0;3;0;1;99;4
3225716;115,803;0;0;4;0;2;0;0;99;3
3227216;115,86;0;0;3;4;1;0;0;99;2
3228716;115,913;0;0;2;3;0;0;0;99;1
3230216;115,969;0;0;1;2;5;0;0;99;0
3231739;116,027;0;0;0;1;4;4;0;99;0
3233239;116,087;0;0;5;0;3;3;0;99;0
3234739;116,143;0;0;4;0;2;2;0;99;4
3236239;116,196;0;0;3;0;1;1;0;99;3
3237739;116,247;0;0;2;0;0;0;0;99;2
3239239;116,307;0;0;1;0;6;0;0;99;1
3240739;116,362;4;0;0;0;5;0;0;99;0
3242239;116,42;3;0;6;0;4;0;0;99;0
3243739;116,478;2;0;5;0;3;4;0;99;0
3245239;116,533;1;0;4;0;2;3;0;99;0
3246739;116,589;0;0;3;0;1;2;0;99;0
3248254;116,647;0;4;2;0;0;1;0;99;0
3249754;116,704;0;3;1;4;0;0;0;99;0
3251254;116,76;0;2;0;3;0;0;4;99;0
3252754;116,817;4;1;0;2;0;0;3;99;0
3254254;116,871;3;0;0;1;0;0;2;99;0
3255754;116,926;2;0;0;0;0;4;1;99;0
3257254;116,983;1;0;0;0;4;3;0;99;0
3258754;117,038;0;0;4;0;3;2;0;99;0
3260254;117,096;0;0;3;0;2;1;4;99;0
3261754;117,15;0;0;2;0;1;0;3;99;0
3263254;117,206;4;0;1;0;0;0;2;99;0
3264773;117,264;3;0;0;0;0;4;1;99;0
3266273;117,321;2;0;0;0;0;3;0;99;4
3267773;117,378;1;0;0;4;0;2;0;99;3
3269273;117,433;0;0;0;3;0;1;0;99;2
3270773;117,487;0;0;4;2;0;0;0;99;1
3272273;117,543;0;0;3;1;0;5;0;99;0
3273773;117,6;4;0;2;0;0;4;0;99;0
3275273;117,656;3;0;1;0;0;3;0;99;4
3276773;117,712;2;0;0;0;0;2;0;99;3
3278273;117,768;1;0;0;4;0;1;0;99;2
3279773;117,82;0;0;0;3;0;0;0;99;1
3281292;117,88;0;0;0;2;4;0;0;99;0
3282792;117,938;0;0;0;1;3;0;0;99;5
3284292;117,996;0;0;4;0;2;0;0;99;4
3285792;118,051;0;0;3;0;1;4;0;99;3
3287292;118,107;0;0;2;0;0;3;0;99;2
3288792;118,162;0;4;1;0;0;2;0;99;1
3290292;118,215;0;3;0;0;0;1;0;99;0
3291792;118,274;4;2;0;0;0;0;0;99;0
3293292;118,332;3;1;0;0;0;5;0;99;0
3294792;118,39;2;0;0;0;0;4;0;99;4
3296292;118,447;1;5;0;0;0;3;0;99;3
3297822;118,503;0;4;0;0;0;2;0;99;2
3299322;118,557;0;3;4;0;0;1;0;99;1
3300822;118,611;0;2;3;0;0;0;0;99;0
3302322;118,671;0;1;2;0;4;0;0;99;0
3303822;118,729;0;0;1;0;3;4;0;99;0
3305322;118,787;4;0;0;0;2;3;0;99;0
3306822;118,841;3;0;5;0;1;2;0;99;0
3308322;118,891;2;0;4;0;0;1;0;99;0
3309822;118,945;1;0;3;0;0;0;0;99;4
3311322;119,0;0;0;2;0;4;0;0;99;3
3312822;119,055;0;0;1;4;3;0;0;99;2
3314350;119,111;0;0;0;3;2;0;0;99;1
3315877;119,168;0;0;0;2;1;0;4;99;0
3317377;119,226;0;0;4;1;0;0;3;99;0
3318893;119,283;0;0;3;0;5;0;2;99;0
3320393;119,34;0;0;2;5;4;0;1;99;0
3321893;119,394;0;0;1;4;3;0;0;99;0
3323415;119,451;4;0;0;3;2;0;0;99;0
3324915;119,509;3;0;5;2;1;0;0;99;0
3326415;119,563;2;0;4;1;0;0;0;99;0
3327915;119,622;1;0;3;0;0;0;0;99;4
3329435;119,68;0;0;2;0;4;0;0;99;3
3330935;119,736;0;0;1;0;3;4;0;99;2
3332435;119,788;0;0;0;0;2;3;0;99;1
3333935;119,846;0;0;6;0;1;2;0;99;0
3335435;119,904;4;0;5;0;0;1;0;99;0
3336952;119,965;3;0;4;0;0;0;0;99;4
3338452;120,02;2;0;3;0;0;5;0;99;3
3339952;120,074;1;0;2;0;0;4;0;99;2
3341452;120,133;0;0;1;0;0;3;0;99;1
3342952;120,213;0;0;0;4;0;2;0;99;0
3344452;120,269;0;0;7;3;0;1;0;99;0
3345972;120,342;4;0;6;2;0;0;0;99;0
3347472;120,397;3;0;5;1;4;0;0;99;0
3348972;120,486;2;0;4;0;3;0;0;99;0
3350472;120,583;1;0;3;5;2;0;0;99;0
3351972;120,676;0;0;2;4;1;0;0;99;0
3353472;120,774;5;0;1;3;0;0;0;99;0
3354972;120,863;4;0;0;2;0;4;0;99;0
3356499;120,973;3;0;8;1;0;3;0;99;0
3357999;121,049;2;0;7;0;0;2;0;99;0
3359499;121,136;1;0;6;0;0;1;0;99;4
3360999;121,226;0;0;5;0;0;0;0;99;3
3362499;121,319;0;0;4;4;0;0;0;99;2
3363999;121,418;0;0;3;3;4;0;0;99;1
3365499;121,513;0;0;2;2;3;0;0;99;0
3366999;121,615;0;0;1;1;2;4;0;99;0
3368517;121,678;0;0;0;0;1;3;0;99;0
3370017;121,725;0;0;0;5;0;2;0;99;0
3371517;121,774;0;0;4;4;0;1;0;99;0
3373017;121,819;0;0;3;3;4;0;0;99;0
3374517;121,864;4;0;2;2;3;0;0;99;0
3376017;121,907;3;0;1;1;2;0;0;99;0
3377517;121,951;2;0;0;0;1;0;0;99;0
3379017;121,997;1;0;5;0;0;0;0;99;0
3380517;122,046;0;0;4;0;0;4;0;99;0
3382043;122,096;0;0;3;4;0;3;0;99;0
3383543;122,14;0;0;2;3;4;2;0;99;0
3385043;122,185;0;0;1;2;3;1;0;99;0
3386543;122,228;0;0;0;1;2;0;0;99;0
3388043;122,272;0;0;6;0;1;0;0;99;0
3389543;122,359;0;0;5;5;0;0;0;99;0
3391043;122,438;0;0;4;4;5;0;0;99;0
3392543;122,52;0;0;3;3;4;4;0;99;0
3394043;122,609;0;0;2;2;3;3;0;99;0
3395543;122,693;0;0;1;1;2;2;0;99;0
3397067;122,803;0;0;0;0;1;1;0;99;0
3398567;122,905;0;0;0;6;0;0;0;99;0
3400567;123,049;0;4;4;5;0;0;0;99;0
3402067;123,144;4;3;3;4;0;0;0;99;0
3403567;123,221;3;2;2;3;0;0;0;99;0
3405067;123,313;2;1;1;2;0;0;0;99;0
3406567;123,408;1;0;0;1;0;0;0;99;0
3408067;123,502;0;0;5;0;0;0;0;99;0
3410067;123,592;0;0;4;7;4;0;0;99;0
3411567;123,643;4;0;3;6;3;0;0;99;0
3413067;123,687;3;0;2;5;2;0;0;99;0
3414585;123,739;2;0;1;4;1;0;0;99;0
3416085;123,787;1;0;0;3;0;0;0;99;0
3417585;123,839;0;0;6;2;0;0;0;99;0
3419085;123,889;5;0;5;1;0;0;0;99;0
3420585;123,938;4;4;4;0;0;0;0;99;0
3422085;123,986;3;3;3;0;0;4;0;99;0
3423585;124,036;2;2;2;0;0;3;0;99;0
3425085;124,084;1;1;1;0;0;2;0;99;0
3426585;124,13;0;0;0;0;0;1;0;99;0
3428585;124,206;0;0;7;0;4;0;0;99;0
3430085;124,26;0;0;6;4;3;0;0;99;0
3431603;124,317;4;0;5;3;2;0;0;99;0
3433103;124,37;3;0;4;2;1;0;0;99;0
3434603;124,424;2;0;3;1;0;0;0;99;0
3436103;124,481;1;0;2;0;0;4;0;99;0
3437603;124,538;0;0;1;5;0;3;0;99;0
3439103;124,594;0;0;0;4;4;2;0;99;0
3440603;124,648;0;0;8;3;3;1;0;99;0
3442103;124,704;0;0;7;2;2;0;0;99;0
3443603;124,762;0;0;6;1;1;5;0;99;0
3445103;124,817;0;0;5;0;0;4;0;99;0
3446603;124,874;0;0;4;6;0;3;0;99;0
3448124;124,931;0;4;3;5;0;2;0;99;0
3449624;124,984;0;3;2;4;0;1;0;99;0
3451124;125,038;0;2;1;3;0;0;0;99;0
3452624;125,097;0;1;0;2;0;6;0;99;0
3454124;125,151;0;0;8;1;0;5;0;99;0
3455624;125,206;0;0;7;0;4;4;0;99;0
3457124;125,261;0;0;6;7;3;3;0;99;0
3458624;125,317;0;0;5;6;2;2;0;99;0
3460124;125,371;0;0;4;5;1;1;0;99;0
3461624;125,427;0;0;3;4;0;0;0;99;0
3463124;125,484;0;0;2;3;5;0;0;99;0
3464643;125,541;4;0;1;2;4;0;0;99;0
3466143;125,594;3;0;0;1;3;0;0;99;0
3467643;125,652;2;4;0;0;2;0;0;99;0
3469143;125,709;1;3;0;8;1;0;0;99;0
3470643;125,761;0;2;0;7;0;0;0;99;0
3472143;125,82;0;1;4;6;0;0;0;99;0
3473643;125,875;0;0;3;5;4;0;0;99;0
3475143;125,931;0;0;2;4;3;4;0;99;0
3476643;125,987;0;0;1;3;2;3;0;99;0
3478143;126,04;0;0;0;2;1;2;0;99;0
3479643;126,097;0;0;5;1;0;1;0;99;0
3481159;126,153;0;4;4;0;0;0;0;99;0
3482659;126,213;0;3;3;0;4;0;0;99;0
3484159;126,269;0;2;2;4;3;0;0;99;0
3485659;126,324;0;1;1;3;2;0;0;99;0
3487159;126,377;0;0;0;2;1;0;0;99;0
3488659;126,434;0;0;6;1;0;0;0;99;0
3490159;126,49;0;0;5;0;5;0;0;99;0
3491659;126,549;0;0;4;5;4;0;0;99;0
3493159;126,607;0;0;3;4;3;4;0;99;0
3494659;126,66;0;0;2;3;2;3;0;99;0
3496159;126,714;0;0;1;2;1;2;0;99;0
3497682;126,768;0;0;0;1;0;1;0;99;0
3499182;126,828;0;0;7;0;0;0;0;99;0
3501182;126,911;0;0;6;6;0;5;0;99;0
3502682;126,968;4;0;5;5;0;4;0;99;0
3504182;127,013;3;0;4;4;0;3;0;99;0
3505682;127,062;2;0;3;3;0;2;0;99;0
3507182;127,108;1;0;2;2;0;1;0;99;0
3508682;127,155;0;0;1;1;0;0;0;99;0
3510182;127,208;0;0;0;0;4;0;0;99;0
3512182;127,278;0;0;8;7;3;0;0;99;0
3513682;127,33;4;0;7;6;2;0;0;99;0
3515197;127,378;3;0;6;5;1;0;0;99;0
3516697;127,426;2;0;5;4;0;0;0;99;0
3518197;127,48;1;0;4;3;0;4;0;99;0
3519697;127,533;0;0;3;2;0;3;0;99;0
3521197;127,589;0;4;2;1;0;2;0;99;0
3522697;127,642;0;3;1;0;0;1;0;99;0
3524197;127,696;0;2;0;8;0;0;0;99;0
3525697;127,753;0;1;8;7;0;0;0;99;0
3527197;127,808;0;0;7;6;4;0;0;99;0
3528697;127,866;0;0;6;5;3;4;0;99;0
3530197;127,919;0;0;5;4;2;3;0;99;0
3531713;127,975;0;0;4;3;1;2;0;99;0
3533213;128,027;0;0;3;2;0;1;0;99;0
3534713;128,082;0;0;2;1;5;0;0;99;0
3536213;128,14;4;0;1;0;4;0;0;99;0
3537713;128,195;3;0;0;8;3;0;0;99;0
3539213;128,25;2;0;8;7;2;0;0;99;0
3540713;128,3;1;0;7;6;1;0;0;99;0
3542213;128,353;0;0;6;5;0;0;0;99;0
3543713;128,411;5;0;5;4;0;0;0;99;0
3545213;128,467;4;4;4;3;0;0;0;99;0
3546713;128,518;3;3;3;2;0;0;0;99;0
3548238;128,573;2;2;2;1;0;0;0;99;0
3549738;128,624;1;1;1;0;0;0;0;99;0
3551238;128,679;0;0;0;8;0;0;0;99;0
3553238;128,761;0;0;8;7;4;0;0;99;0
3554738;128,816;0;0;7;6;3;4;0;99;0
3556238;128,87;0;0;6;5;2;3;0;99;0
3557738;128,921;0;0;5;4;1;2;0;99;0
3559238;128,974;0;0;4;3;0;1;0;99;0
3560738;129,031;0;0;3;2;5;0;0;99;0
3562238;129,086;0;0;2;1;4;5;0;99;0
3563738;129,141;0;0;1;0;3;4;0;99;0
3565260;129,198;0;4;0;0;2;3;0;99;0
3566760;129,253;0;3;0;4;1;2;0;99;0
3568260;129,303;0;2;0;3;0;1;0;99;0
3569760;129,359;0;1;4;2;0;0;0;99;0
3571260;129,414;0;0;3;1;4;0;0;99;0
3572760;129,47;0;0;2;0;3;4;0;99;0
3574260;129,525;0;0;1;5;2;3;0;99;0
3575760;129,577;0;0;0;4;1;2;0;99;0
3577260;129,631;0;0;5;3;0;1;0;99;0
3578760;129,686;0;0;4;2;5;0;0;99;0
3580260;129,744;4;0;3;1;4;0;0;99;0
3581780;129,799;3;0;2;0;3;0;0;99;0
3583280;129,852;2;0;1;6;2;0;0;99;0
3584780;129,903;1;0;0;5;1;0;0;99;0
3586280;129,957;0;0;6;4;0;0;0;99;0
3587780;130,017;0;0;5;3;6;0;0;99;0
3589280;130,072;4;0;4;2;5;0;0;99;0
3590780;130,123;3;0;3;1;4;0;0;99;0
3592280;130,175;2;0;2;0;3;0;0;99;0
3593780;130,229;1;0;1;7;2;0;0;99;0
3595280;130,282;0;0;0;6;1;0;0;99;0
3596780;130,341;0;0;7;5;0;0;0;99;0
3598303;130,402;4;0;6;4;0;0;0;99;0
3599803;130,456;3;0;5;3;0;0;0;99;4
3601303;130,507;2;0;4;2;0;0;0;99;3
3602803;130,558;1;0;3;1;0;0;0;99;2
3604303;130,608;0;0;2;0;0;0;0;99;1
3605803;130,668;0;0;1;8;0;0;0;99;0
3607303;130,728;4;0;0;7;0;0;0;99;0
3608803;130,787;3;0;8;6;0;0;0;99;0
3610303;130,842;2;0;7;5;0;4;0;99;0
3611803;130,895;1;0;6;4;0;3;0;99;0
3613303;130,948;0;0;5;3;0;2;0;99;0
3614820;131,006;0;4;4;2;0;1;0;99;0
3616320;131,059;0;3;3;1;0;0;0;99;0
3617820;131,115;0;2;2;0;4;0;0;99;0
3619320;131,169;0;1;1;8;3;0;0;99;0
3620820;131,22;0;0;0;7;2;0;0;99;0
3622320;131,278;0;0;8;6;1;0;0;99;0
3623820;131,334;4;0;7;5;0;0;0;99;0
3625320;131,389;3;0;6;4;5;0;0;99;0
3626820;131,441;2;0;5;3;4;0;0;99;0
3628320;131,491;1;0;4;2;3;0;0;99;0
3629820;131,543;0;0;3;1;2;0;0;99;0
3631346;131,601;0;0;2;0;1;0;4;99;0
3632846;131,656;0;0;1;8;0;0;3;99;0
3634346;131,711;4;0;0;7;0;0;2;99;0
3635846;131,766;3;0;0;6;4;0;1;99;0
3637346;131,816;2;0;0;5;3;0;0;99;0
3638846;131,87;1;0;4;4;2;0;0;99;0
3640346;131,924;0;0;3;3;1;0;0;99;0
3641846;131,978;5;0;2;2;0;0;0;99;0
3643346;132,034;4;4;1;1;0;0;0;99;0
3644846;132,084;3;3;0;0;0;0;0;99;0
3646346;132,141;2;2;0;8;0;0;0;99;0
3647872;132,198;1;1;4;7;0;0;0;99;0
3649372;132,25;0;0;3;6;0;0;0;99;0
3650872;132,309;0;0;2;5;0;4;0;99;0
3652372;132,363;4;0;1;4;0;3;0;99;0
3653872;132,414;3;0;0;3;0;2;0;99;0
3655372;132,468;2;0;5;2;0;1;0;99;0
3656872;132,52;1;0;4;1;0;0;0;99;0
3658372;132,575;0;0;3;0;0;0;0;99;4
3659872;132,631;0;0;2;8;0;0;0;99;3
3661372;132,687;4;0;1;7;0;0;0;99;2
3662872;132,74;3;0;0;6;0;0;0;99;1
3664390;132,798;2;0;6;5;0;0;0;99;0
3665890;132,853;1;0;5;4;4;0;0;99;0
3667390;132,905;0;0;4;3;3;0;0;99;0
3668890;132,96;5;0;3;2;2;0;0;99;0
3670390;133,012;4;0;2;1;1;0;0;99;0
3671890;133,066;3;0;1;0;0;0;0;99;0
3673390;133,124;2;0;0;8;0;0;0;99;0
3674890;133,181;1;0;7;7;0;0;0;99;0
3676390;133,234;0;0;6;6;4;0;0;99;0
3677890;133,288;0;4;5;5;3;0;0;99;0
3679390;133,339;0;3;4;4;2;0;0;99;0
3680910;133,394;0;2;3;3;1;0;0;99;0
3682410;133,447;0;1;2;2;0;0;0;99;0
3683910;133,504;4;0;1;1;0;0;0;99;0
3685410;133,56;3;0;0;0;4;0;0;99;0
3686910;133,617;2;0;8;0;3;0;0;99;0
3688410;133,674;1;0;7;4;2;0;0;99;0
3689910;133,727;0;0;6;3;1;0;0;99;0
3691410;133,784;5;0;5;2;0;0;0;99;0
3692910;133,839;4;0;4;1;0;4;0;99;0
3694410;133,891;3;0;3;0;0;3;0;99;0
3695910;133,948;2;0;2;0;4;2;0;99;0
3697433;134,004;1;0;1;0;3;1;0;99;0
3698933;134,059;0;0;0;0;2;0;0;99;0
3700933;134,141;6;0;0;4;1;0;0;99;0
3702433;134,195;5;0;4;3;0;0;0;99;0
3703933;134,25;4;0;3;2;5;0;0;99;0
3705433;134,304;3;0;2;1;4;0;0;99;0
3706933;134,357;2;0;1;0;3;0;0;99;0
3708433;134,412;1;0;0;5;2;0;0;99;0
3709933;134,468;0;0;5;4;1;0;0;99;0
3711433;134,523;7;0;4;3;0;0;0;99;0
3712933;134,58;6;0;3;2;6;0;0;99;0
3714454;134,633;5;0;2;1;5;0;0;99;0
3715954;134,687;4;0;1;0;4;0;0;99;0
3717454;134,743;3;0;0;6;3;0;0;99;0
3718954;134,799;2;0;6;5;2;0;0;99;0
3720454;134,85;1;0;5;4;1;0;0;99;0
3721954;134,903;0;0;4;3;0;0;0;99;0
3723454;134,961;0;0;3;2;7;0;0;99;0
3724954;135,017;4;0;2;1;6;0;0;99;0
3726454;135,07;3;0;1;0;5;0;0;99;0
3727954;135,122;2;4;0;0;4;0;0;99;0
3729454;135,176;1;3;0;4;3;0;0;99;0
3730983;135,229;0;2;0;3;2;0;0;99;0
3732483;135,286;0;1;4;2;1;0;0;99;0
3733983;135,339;0;0;3;1;0;0;0;99;0
3735483;135,4;0;0;2;0;8;0;0;99;0
3736983;135,456;0;0;1;5;7;0;0;99;0
3738483;135,51;0;0;0;4;6;4;0;99;0
3739983;135,566;0;0;5;3;5;3;0;99;0
3741483;135,622;0;0;4;2;4;2;0;99;0
3742983;135,678;0;0;3;1;3;1;0;99;0
3744483;135,733;0;0;2;0;2;0;0;99;0
3745983;135,79;0;0;1;6;1;0;0;99;0
3747508;135,848;0;4;0;5;0;0;0;99;0
3749008;135,906;0;3;6;4;0;0;0;99;0
3750508;135,962;0;2;5;3;4;0;0;99;0
3752008;136,015;0;1;4;2;3;0;0;99;0
3753508;136,069;0;0;3;1;2;0;0;99;0
3755008;136,125;0;0;2;0;1;4;0;99;0
3756508;136,18;0;0;1;7;0;3;0;99;0
3758008;136,238;4;0;0;6;0;2;0;99;0
3759508;136,292;3;0;7;5;0;1;0;99;0
3761008;136,345;2;0;6;4;0;0;0;99;0
3762508;136,399;1;0;5;3;4;0;0;99;0
3764027;136,449;0;0;4;2;3;0;0;99;0
3765527;136,504;0;0;3;1;2;4;0;99;0
3767027;136,561;0;0;2;0;1;3;0;99;0
3768527;136,616;0;0;1;8;0;2;0;99;0
3770027;136,671;4;0;0;7;0;1;0;99;0
3771527;136,725;3;0;8;6;0;0;0;99;0
3773027;136,779;2;0;7;5;4;0;0;99;0
3774527;136,831;1;0;6;4;3;0;0;99;0
3776027;136,882;0;0;5;3;2;0;0;99;0
3777527;136,938;0;0;4;2;1;4;0;99;0
3779027;136,992;0;0;3;1;0;3;0;99;0
3780548;137,049;0;0;2;0;0;2;4;99;0
3782048;137,104;0;0;1;8;0;1;3;99;0
3783548;137,156;0;0;0;7;0;0;2;99;0
3785048;137,213;0;0;0;6;4;0;1;99;0
3786548;137,267;0;0;4;5;3;0;0;99;0
3788048;137,322;0;0;3;4;2;4;0;99;0
3789548;137,378;0;0;2;3;1;3;0;99;0
3791048;137,434;0;0;1;2;0;2;0;99;0
3792548;137,49;4;0;0;1;0;1;0;99;0
3794048;137,544;3;0;5;0;0;0;0;99;0
3795548;137,601;2;0;4;8;0;0;0;99;0
3797068;137,657;1;0;3;7;4;0;0;99;0
3798568;137,71;0;0;2;6;3;0;0;99;0
3800068;137,765;5;0;1;5;2;0;0;99;0
3801568;137,817;4;0;0;4;1;0;0;99;0
3803068;137,87;3;0;0;3;0;0;0;99;4
3804568;137,924;2;0;0;2;0;4;0;99;3
3806068;137,978;1;0;0;1;0;3;0;99;2
3807568;138,03;0;0;0;0;0;2;0;99;1
3809068;138,088;0;0;4;0;0;1;0;99;0
3810568;138,145;0;0;3;4;0;0;0;99;0
3812068;138,202;0;0;2;3;4;0;0;99;0
3813594;138,263;0;0;1;2;3;0;4;99;0
3815094;138,315;0;0;0;1;2;0;3;99;0
3816594;138,37;0;0;5;0;1;0;2;99;0
3818094;138,425;0;0;4;5;0;0;1;99;0
3819594;138,482;0;0;3;4;5;0;0;99;0
3821094;138,538;0;0;2;3;4;4;0;99;0
3822594;138,591;0;0;1;2;3;3;0;99;0
3824094;138,644;0;0;0;1;2;2;0;99;0
3825594;138,7;0;0;6;0;1;1;0;99;0
3827094;138,757;4;0;5;0;0;0;0;99;0
3828594;138,813;3;0;4;4;0;0;0;99;0
3830116;138,868;2;0;3;3;4;0;0;99;0
3831616;138,92;1;0;2;2;3;0;0;99;0
3833116;138,973;0;0;1;1;2;0;0;99;0
3834616;139,028;5;0;0;0;1;0;0;99;0
3836116;139,085;4;0;7;0;0;0;0;99;0
3837616;139,141;3;0;6;4;0;0;0;99;0
3839116;139,196;2;0;5;3;4;0;0;99;0
3840616;139,25;1;0;4;2;3;0;0;99;0
3842116;139,302;0;0;3;1;2;0;0;99;0
3843616;139,358;6;0;2;0;1;0;0;99;0
3845116;139,41;5;0;1;5;0;0;0;99;0
3846639;139,467;4;0;0;4;0;0;4;99;0
3848139;139,523;3;0;8;3;0;0;3;99;0
3849639;139,573;2;0;7;2;0;0;2;99;0
3851139;139,624;1;0;6;1;0;0;1;99;0
3852639;139,675;0;0;5;0;0;0;0;99;0
3854639;139,757;0;0;4;6;4;0;0;99;0
3856139;139,815;4;0;3;5;3;0;0;99;0
3857639;139,867;3;0;2;4;2;0;0;99;0
3859139;139,918;2;0;1;3;1;0;0;99;0
3860639;139,971;1;0;0;2;0;0;0;99;0
3862139;140,029;0;0;8;1;0;0;0;99;0
3863661;140,091;5;0;7;0;0;0;0;99;0
3865161;140,149;4;0;6;7;0;0;0;99;0
3866661;140,206;3;0;5;6;0;4;0;99;0
3868161;140,262;2;0;4;5;0;3;0;99;0
3869661;140,315;1;0;3;4;0;2;0;99;0
3871161;140,369;0;0;2;3;0;1;0;99;0
3872661;140,424;0;0;1;2;4;0;0;99;0
3874161;140,479;0;0;0;1;3;5;0;99;0
3875661;140,538;0;0;8;0;2;4;0;99;0
3877161;140,594;0;0;7;8;1;3;0;99;0
3878661;140,649;0;0;6;7;0;2;0;99;0
3880180;140,704;0;4;5;6;0;1;0;99;0
3881680;140,759;0;3;4;5;0;0;0;99;0
3883180;140,815;0;2;3;4;4;0;0;99;0
3884680;140,87;0;1;2;3;3;0;0;99;0
3886180;140,922;0;0;1;2;2;0;0;99;0
3887680;140,975;4;0;0;1;1;0;0;99;0
3889180;141,031;3;0;0;0;0;4;0;99;0
3890680;141,091;2;0;4;0;0;3;0;99;0
3892180;141,15;1;0;3;4;0;2;0;99;0
3893680;141,203;0;0;2;3;0;1;0;99;0
3895180;141,259;5;0;1;2;0;0;0;99;0
3896693;141,316;4;4;0;1;0;0;0;99;0
3898193;141,372;3;3;0;0;0;0;0;99;4
3899693;141,425;2;2;0;5;0;0;0;99;3
3901193;141,476;1;1;0;4;0;0;0;99;2
3902693;141,528;0;0;0;3;0;0;0;99;1
3904193;141,585;0;0;4;2;0;0;0;99;0
3905693;141,646;0;0;3;1;4;0;0;99;0
3907193;141,702;0;0;2;0;3;4;0;99;0
3908693;141,76;4;0;1;0;2;3;0;99;0
3910193;141,813;3;0;0;0;1;2;0;99;0
3911693;141,865;2;0;5;0;0;1;0;99;0
3913207;141,922;1;0;4;0;0;0;0;99;4
3914707;141,976;0;0;3;4;0;0;0;99;3
3916207;142,033;0;0;2;3;4;0;0;99;2
3917707;142,085;0;0;1;2;3;0;0;99;1
3919207;142,14;0;0;0;1;2;0;0;99;0
3920707;142,196;0;0;6;0;1;0;0;99;0
3922207;142,254;0;0;5;5;0;0;0;99;0
3923707;142,311;0;0;4;4;5;0;0;99;0
3925207;142,369;4;0;3;3;4;0;0;99;0
3926707;142,423;3;0;2;2;3;0;0;99;0
3928207;142,474;2;0;1;1;2;0;0;99;0
3929726;142,528;1;0;0;0;1;0;0;99;0
3931226;142,582;0;0;7;0;0;0;0;99;0
3933226;142,667;0;0;6;4;6;0;0;99;0
3934726;142,723;0;4;5;3;5;0;0;99;0
3936226;142,778;0;3;4;2;4;0;0;99;0
3937726;142,829;0;2;3;1;3;0;0;99;0
3939226;142,881;0;1;2;0;2;0;0;99;0
3940726;142,937;0;0;1;5;1;0;0;99;0
3942226;142,993;4;0;0;4;0;0;0;99;0
3943726;143,053;3;0;8;3;0;0;0;99;0
3945226;143,11;2;0;7;2;0;4;0;99;0
3946745;143,166;1;0;6;1;0;3;0;99;0
3948245;143,218;0;0;5;0;0;2;0;99;0
3949745;143,277;0;0;4;6;0;1;0;99;0
3951245;143,333;4;0;3;5;0;0;0;99;0
3952745;143,392;3;0;2;4;0;5;0;99;0
3954245;143,446;2;0;1;3;0;4;0;99;0
3955745;143,499;1;0;0;2;0;3;0;99;0
3957245;143,553;0;0;8;1;0;2;0;99;0
3958745;143,607;5;0;7;0;0;1;0;99;0
3960245;143,665;4;0;6;7;0;0;0;99;0
3961745;143,721;3;0;5;6;0;6;0;99;0
3963266;143,776;2;0;4;5;0;5;0;99;0
3964766;143,827;1;0;3;4;0;4;0;99;0
3966266;143,879;0;0;2;3;0;3;0;99;0
3967766;143,937;6;0;1;2;0;2;0;99;0
3969266;143,99;5;0;0;1;0;1;0;99;0
3970766;144,046;4;0;0;0;4;0;0;99;0
3972266;144,1;3;0;0;8;3;0;0;99;0
3973766;144,156;2;0;4;7;2;0;0;99;0
3975266;144,208;1;0;3;6;1;0;0;99;0
3976766;144,259;0;0;2;5;0;0;0;99;0
3978266;144,32;0;0;1;4;5;0;0;99;0
3979786;144,376;0;0;0;3;4;0;0;99;4
3981286;144,434;0;0;5;2;3;0;0;99;3
3982786;144,485;0;0;4;1;2;0;0;99;2
3984286;144,539;0;0;3;0;1;0;0;99;1
3985786;144,594;0;0;2;8;0;0;0;99;0
3987286;144,653;0;0;1;7;6;0;0;99;0
3988786;144,709;0;0;0;6;5;4;0;99;0
3990286;144,765;0;0;6;5;4;3;0;99;0
3991786;144,821;0;0;5;4;3;2;0;99;0
3993286;144,874;0;0;4;3;2;1;0;99;0
3994786;144,929;0;0;3;2;1;0;0;99;0
3996307;144,986;0;0;2;1;0;0;0;99;4
3997807;145,044;0;0;1;0;7;0;0;99;3
3999307;145,099;0;0;0;8;6;0;0;99;2
4000807;145,152;0;0;7;7;5;0;0;99;1
4002307;145,206;0;0;6;6;4;0;0;99;0
4003807;145,262;0;4;5;5;3;0;0;99;0
4005307;145,316;0;3;4;4;2;0;0;99;0
4006807;145,368;0;2;3;3;1;0;0;99;0
4008307;145,423;0;1;2;2;0;0;0;99;0
4009807;145,477;0;0;1;1;0;4;0;99;0
4011307;145,535;4;0;0;0;0;3;0;99;0
4012828;145,593;3;4;0;0;0;2;0;99;0
4014328;145,646;2;3;0;0;4;1;0;99;0
4015828;145,698;1;2;0;0;3;0;0;99;0
4017328;145,751;0;1;4;0;2;0;0;99;0
4018828;145,808;0;0;3;0;1;4;0;99;0
4020328;145,863;0;0;2;4;0;3;0;99;0
4021828;145,919;0;0;1;3;5;2;0;99;0
4023328;145,972;0;0;0;2;4;1;0;99;0
4024828;146,026;0;0;5;1;3;0;0;99;0
4026328;146,082;4;0;4;0;2;0;0;99;0
4027828;146,159;3;0;3;5;1;0;0;99;0
4029353;146,26;2;0;2;4;0;0;0;99;0
4030853;146,345;1;0;1;3;0;4;0;99;0
4032353;146,398;0;0;0;2;0;3;0;99;0
4033853;146,457;0;0;6;1;0;2;0;99;0
4035353;146,512;0;0;5;0;4;1;0;99;0
4036853;146,57;0;0;4;6;3;0;0;99;0
4038353;146,626;0;0;3;5;2;5;0;99;0
4039853;146,682;0;0;2;4;1;4;0;99;0
4041353;146,734;0;0;1;3;0;3;0;99;0
4042853;146,793;4;0;0;2;0;2;0;99;0
4044353;146,846;3;0;7;1;0;1;0;99;0
4045878;146,897;2;0;6;0;0;0;0;99;0
4047378;146,947;1;0;5;7;0;0;0;99;0
4048878;146,998;0;0;4;6;4;0;0;99;0
4050378;147,048;5;0;3;5;3;0;0;99;0
4051878;147,096;4;0;2;4;2;0;0;99;0
4053378;147,145;3;0;1;3;1;0;0;99;0
4054878;147,19;2;0;0;2;0;0;0;99;0
4056378;147,244;1;0;0;1;0;0;0;99;4
4057878;147,299;0;4;0;0;0;0;0;99;3
4059378;147,357;0;3;4;0;0;0;0;99;2
4060878;147,412;0;2;3;4;0;0;0;99;1
4062401;147,468;0;1;2;3;0;0;0;99;0
4063901;147,523;0;0;1;2;4;0;0;99;0
4065401;147,579;0;0;0;1;3;4;0;99;0
4066901;147,634;0;0;5;0;2;3;0;99;0
4068401;147,689;0;0;4;5;1;2;0;99;0
4069901;147,745;0;0;3;4;0;1;0;99;0
4071401;147,802;0;0;2;3;5;0;0;99;0
4072901;147,857;0;4;1;2;4;0;0;99;0
4074401;147,91;0;3;0;1;3;0;0;99;0
4075901;147,972;0;2;6;0;2;0;0;99;0
4077401;148,025;0;1;5;6;1;0;0;99;0
4078926;148,078;0;0;4;5;0;0;0;99;0
4080426;148,133;0;0;3;4;6;0;0;99;0
4081926;148,187;4;0;2;3;5;0;0;99;0
4083426;148,236;3;0;1;2;4;0;0;99;0
4084926;148,285;2;0;0;1;3;0;0;99;0
4086426;148,34;1;4;0;0;2;0;0;99;0
4087926;148,392;0;3;0;0;1;0;0;99;4
4089426;148,448;0;2;4;0;0;0;0;99;3
4090926;148,501;0;1;3;4;0;0;0;99;2
4092426;148,551;0;0;2;3;0;0;0;99;1
4093926;148,608;0;0;1;2;0;4;0;99;0
4095444;148,666;0;0;0;1;0;3;4;99;0
4096944;148,721;0;0;5;0;0;2;3;99;0
4098444;148,776;0;0;4;5;0;1;2;99;0
4099944;148,829;0;0;3;4;0;0;1;99;0
4101444;148,883;0;0;2;3;4;0;0;99;0
4102944;148,939;0;0;1;2;3;4;0;99;0
4104444;148,994;0;0;0;1;2;3;0;99;0
4105944;149,05;0;0;6;0;1;2;0;99;0
4107444;149,107;4;0;5;0;0;1;0;99;0
4108944;149,162;3;0;4;4;0;0;0;99;0
4110444;149,218;2;0;3;3;4;0;0;99;0
4111965;149,271;1;0;2;2;3;0;0;99;0
4113465;149,324;0;0;1;1;2;0;0;99;0
4114965;149,381;0;0;0;0;1;4;0;99;0
4116465;149,439;0;0;7;0;0;3;0;99;0
4117965;149,495;0;0;6;4;0;2;0;99;0
4119465;149,551;0;0;5;3;4;1;0;99;0
4120965;149,607;0;0;4;2;3;0;0;99;0
4122465;149,663;4;0;3;1;2;0;0;99;0
4123965;149,716;3;0;2;0;1;0;0;99;0
4125465;149,768;2;0;1;5;0;0;0;99;0
4126965;149,822;1;0;0;4;5;0;0;99;0
4128490;149,88;0;0;0;3;4;0;4;99;0
4129990;149,936;0;0;4;2;3;0;3;99;0
4131490;149,99;0;0;3;1;2;0;2;99;0
4132990;150,042;0;0;2;0;1;0;1;99;0
4134490;150,098;0;4;1;0;0;0;0;99;0
4135990;150,154;0;3;0;4;0;0;0;99;0
4137490;150,214;0;2;5;3;0;0;0;99;0
4138990;150,27;0;1;4;2;4;0;0;99;0
4140490;150,321;0;0;3;1;3;0;0;99;0
4141990;150,38;0;5;2;0;2;0;0;99;0
4143490;150,435;0;4;1;5;1;0;0;99;0
4145013;150,489;0;3;0;4;0;0;0;99;0
4146513;150,548;0;2;6;3;0;0;0;99;0
4148013;150,605;0;1;5;2;4;0;0;99;0
4149513;150,66;0;0;4;1;3;0;0;99;0
4151013;150,714;4;0;3;0;2;0;0;99;0
4152513;150,768;3;0;2;6;1;0;0;99;0
4154013;150,82;2;0;1;5;0;0;0;99;0
4155513;150,878;1;0;0;4;5;0;0;99;0
4157013;150,933;0;0;7;3;4;0;0;99;0
4158513;150,988;5;0;6;2;3;0;0;99;0
4160013;151,04;4;0;5;1;2;0;0;99;0
4161537;151,093;3;0;4;0;1;0;0;99;0
4163037;151,15;2;0;3;0;0;4;0;99;0
4164537;151,207;1;0;2;0;6;3;0;99;0
4166037;151,26;0;0;1;0;5;2;0;99;0
4167537;151,314;0;0;0;4;4;1;0;99;0
4169037;151,371;0;0;8;3;3;0;0;99;0
4170537;151,426;0;0;7;2;2;5;0;99;0
4172037;151,481;0;0;6;1;1;4;0;99;0
4173537;151,534;0;0;5;0;0;3;0;99;0
4175037;151,593;0;0;4;5;0;2;0;99;0
4176537;151,648;4;0;3;4;0;1;0;99;0
4178057;151,7;3;0;2;3;0;0;0;99;0
4179557;151,755;2;0;1;2;4;0;0;99;0
4181057;151,805;1;0;0;1;3;0;0;99;0
4182557;151,859;0;0;8;0;2;0;0;99;0
4184057;151,919;0;0;7;6;1;0;0;99;0
4185557;151,975;4;0;6;5;0;0;0;99;0
4187057;152,032;3;0;5;4;5;0;0;99;0
4188557;152,083;2;0;4;3;4;0;0;99;0
4190057;152,136;1;0;3;2;3;0;0;99;0
4191557;152,188;0;0;2;1;2;0;0;99;0
4193057;152,243;5;0;1;0;1;0;0;99;0
4194578;152,3;4;0;0;7;0;0;0;99;0
4196078;152,356;3;0;8;6;0;0;0;99;0
4197578;152,409;2;0;7;5;4;0;0;99;0
4199078;152,46;1;0;6;4;3;0;0;99;0
4200578;152,51;0;0;5;3;2;0;0;99;0
4202078;152,56;0;0;4;2;1;4;0;99;0
4203578;152,61;0;0;3;1;0;3;0;99;0
4205078;152,663;0;0;2;0;5;2;0;99;0
4206578;152,717;0;0;1;8;4;1;0;99;0
4208078;152,755;0;0;0;7;3;0;0;99;0
4209578;152,793;0;0;8;6;2;0;0;99;0
4211097;152,831;0;0;7;5;1;0;4;99;0
4212597;152,866;0;0;6;4;0;0;3;99;0
4214097;152,901;0;0;5;3;6;0;2;99;0
4215597;152,935;0;0;4;2;5;0;1;99;0
4217097;153,002;0;0;3;1;4;0;0;99;0
4218597;153,051;4;0;2;0;3;0;0;99;0
4220097;153,104;3;0;1;0;2;0;0;99;4
4221597;153,153;2;0;0;0;1;0;0;99;3
4223097;153,201;1;0;0;0;0;4;0;99;2
4224597;153,256;0;0;0;0;7;3;0;99;1
4226097;153,311;0;0;0;4;6;2;0;99;0
4227616;153,369;4;0;0;3;5;1;0;99;0
4229116;153,421;3;0;0;2;4;0;0;99;0
4230616;153,474;2;0;4;1;3;0;0;99;0
4232116;153,525;1;0;3;0;2;0;0;99;0
4233616;153,579;0;0;2;5;1;0;0;99;0
4235116;153,634;5;0;1;4;0;0;0;99;0
4236616;153,69;4;0;0;3;0;0;0;99;4
4238116;153,745;3;4;0;2;0;0;0;99;3
4239616;153,795;2;3;0;1;0;0;0;99;2
4241116;153,845;1;2;0;0;0;0;0;99;1
4242616;153,899;0;1;0;0;4;0;0;99;0
4244131;153,957;0;0;0;4;3;0;0;99;0
4245631;154,019;0;0;4;3;2;0;0;99;0
4247131;154,075;4;0;3;2;1;0;0;99;0
4248631;154,125;3;0;2;1;0;0;0;99;0
4250131;154,178;2;0;1;0;5;0;0;99;0
4251631;154,232;1;0;0;5;4;0;0;99;0
4253131;154,287;0;0;5;4;3;0;0;99;0
4254631;154,344;5;0;4;3;2;0;0;99;0
4256131;154,397;4;0;3;2;1;0;0;99;0
4257631;154,45;3;0;2;1;0;0;0;99;0
4259131;154,505;2;4;1;0;0;0;0;99;0
4260649;154,562;1;3;0;0;0;0;0;99;4
4262149;154,617;0;2;6;0;0;0;0;99;3
4263649;154,673;0;1;5;4;0;0;0;99;2
4265149;154,724;0;0;4;3;0;0;0;99;1
4266649;154,779;0;0;3;2;4;0;0;99;0
4268149;154,836;0;0;2;1;3;4;0;99;0
4269649;154,89;0;0;1;0;2;3;0;99;0
4271149;154,944;0;0;0;5;1;2;0;99;0
4272649;155,0;0;0;7;4;0;1;0;99;0
4274149;155,056;0;0;6;3;5;0;0;99;0
4275649;155,112;4;0;5;2;4;0;0;99;0
4277172;155,166;3;0;4;1;3;0;0;99;0
4278672;155,218;2;0;3;0;2;0;0;99;0
4280172;155,274;1;0;2;6;1;0;0;99;0
4281672;155,326;0;0;1;5;0;0;0;99;0
4283172;155,384;0;0;0;4;6;0;0;99;0
4284672;155,443;0;0;8;3;5;0;0;99;0
4286172;155,499;0;4;7;2;4;0;0;99;0
4287672;155,553;0;3;6;1;3;0;0;99;0
4289172;155,605;0;2;5;0;2;0;0;99;0
4290672;155,66;0;1;4;7;1;0;0;99;0
4292172;155,714;0;0;3;6;0;0;0;99;0
4293693;155,775;4;0;2;5;0;0;0;99;0
4295193;155,833;3;4;1;4;0;0;0;99;0
4296693;155,884;2;3;0;3;0;0;0;99;0
4298193;155,936;1;2;8;2;0;0;0;99;0
4299693;155,988;0;1;7;1;0;0;0;99;0
4301193;156,044;0;0;6;0;4;0;0;99;0
4302693;156,107;0;0;5;8;3;0;0;99;0
4304193;156,162;0;4;4;7;2;0;0;99;0
4305693;156,214;0;3;3;6;1;0;0;99;0
4307193;156,265;0;2;2;5;0;0;0;99;0
4308693;156,321;0;1;1;4;5;0;0;99;0
4310212;156,376;0;0;0;3;4;0;0;99;0
4311712;156,434;0;0;8;2;3;0;0;99;0
4313212;156,489;4;0;7;1;2;0;0;99;0
4314712;156,542;3;0;6;0;1;0;0;99;0
4316212;156,6;2;0;5;0;0;4;0;99;0
4317712;156,654;1;0;4;4;0;3;0;99;0
4319212;156,706;0;0;3;3;0;2;0;99;0
4320712;156,762;5;0;2;2;0;1;0;99;0
4322212;156,815;4;0;1;1;0;0;0;99;0
4323712;156,871;3;0;0;0;0;5;0;99;0
4325212;156,929;2;0;8;0;0;4;0;99;0
4326740;156,985;1;0;7;0;0;3;4;99;0
4328240;157,035;0;0;6;0;0;2;3;99;0
4329740;157,091;6;0;5;0;0;1;2;99;0
4331240;157,142;5;0;4;0;0;0;1;99;0
4332740;157,199;4;0;3;0;0;0;0;99;4
4334240;157,256;3;0;2;0;0;0;5;99;3
4335740;157,311;2;0;1;0;0;0;4;99;2
4337240;157,362;1;0;0;0;0;0;3;99;1
4338740;157,417;0;4;0;0;0;0;2;99;0
4340240;157,474;0;3;0;4;0;0;1;99;0
4341740;157,53;0;2;4;3;0;0;0;99;0
4343263;157,588;0;1;3;2;0;0;0;99;4
4344763;157,64;0;0;2;1;0;0;0;99;3
4346263;157,694;0;0;1;0;4;0;0;99;2
4347763;157,75;0;0;0;0;3;4;0;99;1
4349263;157,804;0;0;5;0;2;3;0;99;0
4350763;157,861;0;0;4;4;1;2;0;99;0
4352263;157,916;0;0;3;3;0;1;0;99;0
4353763;157,971;4;0;2;2;0;0;0;99;0
4355263;158,025;3;0;1;1;0;0;0;99;4
4356763;158,077;2;0;0;0;0;0;0;99;3
4358263;158,135;1;4;0;0;0;0;0;99;2
4359779;158,192;0;3;0;4;0;0;0;99;1
4361279;158,246;0;2;4;3;0;0;0;99;0
4362779;158,3;0;1;3;2;4;0;0;99;0
4364279;158,353;0;0;2;1;3;0;0;99;0
4365779;158,41;0;0;1;0;2;4;0;99;0
4367279;158,466;0;0;0;5;1;3;0;99;0
4368779;158,52;0;0;5;4;0;2;0;99;0
4370279;158,576;4;0;4;3;0;1;0;99;0
4371779;158,63;3;0;3;2;0;0;0;99;0
4373279;158,687;2;0;2;1;4;0;0;99;0
4374779;158,744;1;0;1;0;3;0;0;99;0
4376295;158,801;0;0;0;0;2;0;4;99;0
4377795;158,857;0;0;0;4;1;0;3;99;0
4379295;158,913;0;0;4;3;0;0;2;99;0
4380795;158,968;0;0;3;2;5;0;1;99;0
4382295;159,022;0;0;2;1;4;0;0;99;0
4383795;159,08;4;0;1;0;3;0;0;99;0
4385295;159,132;3;0;0;5;2;0;0;99;0
4386795;159,184;2;0;5;4;1;0;0;99;0
4388295;159,236;1;0;4;3;0;0;0;99;0
4389795;159,29;0;0;3;2;6;0;0;99;0
4391295;159,346;0;0;2;1;5;4;0;99;0
4392808;159,403;0;0;1;0;4;3;0;99;0
4394308;159,459;0;0;0;6;3;2;0;99;0
4395808;159,514;0;0;6;5;2;1;0;99;0
4397308;159,568;0;0;5;4;1;0;0;99;0
4398808;159,623;4;0;4;3;0;0;0;99;0
4400308;159,678;3;0;3;2;7;0;0;99;0
4401808;159,731;2;0;2;1;6;0;0;99;0
4403308;159,784;1;0;1;0;5;0;0;99;0
4404808;159,838;0;0;0;7;4;0;0;99;0
4406308;159,896;0;0;7;6;3;0;0;99;0
4407808;159,951;4;0;6;5;2;0;0;99;0
4409331;160,004;3;0;5;4;1;0;0;99;0
4410831;160,057;2;0;4;3;0;0;0;99;0
4412331;160,11;1;0;3;2;8;0;0;99;0
4413831;160,164;0;0;2;1;7;0;0;99;0
4415331;160,217;5;0;1;0;6;0;0;99;0
4416831;160,271;4;0;0;8;5;0;0;99;0
4418331;160,328;3;0;8;7;4;0;0;99;0
4419831;160,379;2;0;7;6;3;0;0;99;0
4421331;160,432;1;0;6;5;2;0;0;99;0
4422831;160,483;0;0;5;4;1;0;0;99;0
4424331;160,539;6;0;4;3;0;0;0;99;0
4425852;160,598;5;0;3;2;0;0;0;99;4
4427352;160,648;4;0;2;1;0;0;0;99;3
4428852;160,699;3;0;1;0;0;0;0;99;2
4430352;160,751;2;0;0;8;0;0;0;99;1
4431852;160,804;1;0;8;7;0;0;0;99;0
4433352;160,861;0;0;7;6;0;4;0;99;0
4434852;160,917;0;0;6;5;4;3;0;99;0
4436352;160,972;0;0;5;4;3;2;0;99;0
4437852;161,025;0;0;4;3;2;1;0;99;0
4439352;161,079;0;0;3;2;1;0;0;99;0
4440852;161,135;0;0;2;1;0;5;0;99;0
4442370;161,194;0;0;1;0;5;4;0;99;0
4443870;161,249;0;0;0;8;4;3;0;99;0
4445370;161,306;0;0;8;7;3;2;0;99;0
4446870;161,359;0;0;7;6;2;1;0;99;0
4448370;161,416;0;0;6;5;1;0;0;99;0
4449870;161,471;0;0;5;4;0;6;0;99;0
4451370;161,527;0;0;4;3;6;5;0;99;0
4452870;161,582;0;0;3;2;5;4;0;99;0
4454370;161,636;0;0;2;1;4;3;0;99;0
4455870;161,692;0;0;1;0;3;2;0;99;0
4457370;161,748;0;0;0;8;2;1;0;99;0
4458894;161,807;0;0;8;7;1;0;0;99;0
4460394;161,862;0;0;7;6;0;7;0;99;0
4461894;161,917;0;0;6;5;7;6;0;99;0
4463394;161,972;0;0;5;4;6;5;0;99;0
4464894;162,026;0;0;4;3;5;4;0;99;0
4466394;162,082;0;0;3;2;4;3;0;99;0
4467894;162,135;0;0;2;1;3;2;0;99;0
4469394;162,19;0;0;1;0;2;1;0;99;0
4470894;162,245;0;0;0;8;1;0;0;99;0
4472394;162,305;0;0;8;7;0;0;0;99;0
4473894;162,363;0;0;7;6;8;0;0;99;0
4475413;162,42;0;4;6;5;7;0;0;99;0
4476913;162,474;0;3;5;4;6;0;0;99;0
4478413;162,526;0;2;4;3;5;0;0;99;0
4479913;162,58;0;1;3;2;4;0;0;99;0
4481413;162,631;0;0;2;1;3;0;0;99;0
4482913;162,686;4;0;1;0;2;0;0;99;0
4484413;162,743;3;0;0;8;1;0;0;99;0
4485913;162,798;2;0;8;7;0;0;0;99;0
4487413;162,855;1;0;7;6;0;4;0;99;0
4488913;162,907;0;0;6;5;0;3;0;99;0
4490413;162,962;0;0;5;4;4;2;0;99;0
4491933;163,02;0;0;4;3;3;1;0;99;0
4493433;163,073;0;0;3;2;2;0;0;99;0
4494933;163,13;4;0;2;1;1;0;0;99;0
4496433;163,182;3;0;1;0;0;0;0;99;0
4497933;163,241;2;0;0;0;0;0;0;99;4
4499433;163,3;1;0;0;0;4;0;0;99;3
4500933;163,356;0;0;4;0;3;0;0;99;2
4502433;163,411;0;0;3;4;2;0;0;99;1
4503933;163,464;0;0;2;3;1;0;0;99;0
4505433;163,52;0;0;1;2;0;4;0;99;0
4506933;163,577;4;0;0;1;0;3;0;99;0
4508457;163,636;3;0;0;0;0;2;4;99;0
4509957;163,689;2;0;0;5;0;1;3;99;0
4511457;163,74;1;0;0;4;0;0;2;99;0
4512957;163,793;0;0;4;3;0;0;1;99;0
4514457;163,851;0;0;3;2;0;4;0;99;0
4515957;163,907;4;0;2;1;0;3;0;99;0
4517457;163,959;3;0;1;0;0;2;0;99;0
4518957;164,013;2;0;0;6;0;1;0;99;0
4520457;164,067;1;0;5;5;0;0;0;99;0
4521957;164,124;0;4;4;4;0;0;0;99;0
4523457;164,181;0;3;3;3;0;4;0;99;0
4524976;164,236;0;2;2;2;0;3;0;99;0
4526476;164,287;0;1;1;1;0;2;0;99;0
4527976;164,338;0;0;0;0;0;1;0;99;0
4529976;164,423;0;0;6;7;0;0;0;99;0
4531476;164,484;0;0;5;6;0;5;0;99;0
4532976;164,539;0;0;4;5;4;4;0;99;0
4534476;164,592;0;0;3;4;3;3;0;99;0
4535976;164,646;0;0;2;3;2;2;0;99;0
4537476;164,698;0;0;1;2;1;1;0;99;0
4538976;164,754;0;0;0;1;0;0;0;99;0
4540976;164,835;0;0;7;0;5;0;0;99;0
4542495;164,895;0;0;6;0;4;0;0;99;4
4543995;164,95;0;0;5;4;3;0;0;99;3
4545495;165,002;0;0;4;3;2;0;0;99;2
4546995;165,055;0;0;3;2;1;0;0;99;1
4548495;165,106;0;0;2;1;0;0;0;99;0
4549995;165,167;0;0;1;0;6;0;0;99;0
4551495;165,226;0;0;0;5;5;0;0;99;0
4552995;165,285;0;0;8;4;4;0;0;99;0
4554495;165,34;4;0;7;3;3;0;0;99;0
4555995;165,395;3;0;6;2;2;0;0;99;0
4557495;165,449;2;0;5;1;1;0;0;99;0
4559017;165,503;1;0;4;0;0;0;0;99;0
4560517;165,562;0;0;3;6;0;0;0;99;0
4562017;165,62;0;0;2;5;4;0;0;99;0
4563517;165,679;4;0;1;4;3;0;0;99;0
4565017;165,731;3;0;0;3;2;0;0;99;0
4566517;165,787;2;4;0;2;1;0;0;99;0
4568017;165,837;1;3;0;1;0;0;0;99;0
4569517;165,893;0;2;4;0;0;0;0;99;0
4571017;165,95;0;1;3;7;0;0;0;99;0
4572517;166,006;4;0;2;6;0;0;0;99;0
4574017;166,064;3;0;1;5;4;0;0;99;0
4575537;166,117;2;0;0;4;3;0;0;99;0
4577037;166,173;1;0;5;3;2;0;0;99;0
4578537;166,224;0;0;4;2;1;0;0;99;0
4580037;166,278;0;0;3;1;0;4;0;99;0
4581537;166,335;4;0;2;0;0;3;0;99;0
4583037;166,39;3;0;1;8;0;2;0;99;0
4584537;166,446;2;0;0;7;0;1;0;99;0
4586037;166,501;1;0;6;6;0;0;0;99;0
4587537;166,557;0;0;5;5;4;0;0;99;0
4589037;166,612;5;0;4;4;3;0;0;99;0
4590537;166,666;4;0;3;3;2;0;0;99;0
4592058;166,72;3;0;2;2;1;0;0;99;0
4593558;166,773;2;0;1;1;0;0;0;99;0
4595058;166,829;1;0;0;0;0;4;0;99;0
4596558;166,888;0;0;0;8;0;3;0;99;0
4598058;166,949;0;0;0;7;4;2;0;99;0
4599558;167,004;0;0;4;6;3;1;0;99;0
4601058;167,06;0;0;3;5;2;0;0;99;0
4602558;167,114;0;4;2;4;1;0;0;99;0
4604058;167,168;0;3;1;3;0;0;0;99;0
4605558;167,224;0;2;0;2;5;0;0;99;0
4607058;167,283;0;1;5;1;4;0;0;99;0
4608583;167,337;0;0;4;0;3;0;0;99;0
4610083;167,392;0;0;3;8;2;0;0;99;0
4611583;167,448;4;0;2;7;1;0;0;99;0
4613083;167,501;3;0;1;6;0;0;0;99;0
4614583;167,558;2;0;0;5;6;0;0;99;0
4616083;167,613;1;4;0;4;5;0;0;99;0
4617583;167,668;0;3;0;3;4;0;0;99;0
4619083;167,723;0;2;4;2;3;0;0;99;0
4620583;167,775;0;1;3;1;2;0;0;99;0
4622083;167,83;0;0;2;0;1;0;0;99;0
4623583;167,888;0;0;1;8;0;0;0;99;0
4625112;167,949;0;0;0;7;0;0;4;99;0
4626612;168,006;0;0;5;6;0;0;3;99;0
4628112;168,061;0;0;4;5;4;0;2;99;0
4629612;168,114;0;0;3;4;3;0;1;99;0
4631112;168,168;0;0;2;3;2;0;0;99;0
4632612;168,223;4;0;1;2;1;0;0;99;0
4634112;168,278;3;0;0;1;0;0;0;99;0
4635612;168,337;2;0;6;0;0;0;0;99;0
4637112;168,395;1;0;5;8;0;0;0;99;0
4638612;168,453;0;0;4;7;0;4;0;99;0
4640112;168,508;0;0;3;6;4;3;0;99;0
4641636;168,565;0;0;2;5;3;2;0;99;0
4643136;168,618;0;0;1;4;2;1;0;99;0
4644636;168,676;0;0;0;3;1;0;0;99;0
4646136;168,735;0;0;7;2;0;0;0;99;0
4647636;168,794;0;0;6;1;5;0;0;99;0
4649136;168,851;4;0;5;0;4;0;0;99;0
4650636;168,906;3;0;4;8;3;0;0;99;0
4652136;168,959;2;0;3;7;2;0;0;99;0
4653636;169,011;1;0;2;6;1;0;0;99;0
4655136;169,066;0;0;1;5;0;0;0;99;0
4656636;169,126;0;0;0;4;6;0;0;99;0
4658158;169,187;4;0;0;3;5;0;0;99;0
4659658;169,241;3;0;4;2;4;0;0;99;0
4661158;169,291;2;0;3;1;3;0;0;99;0
4662658;169,345;1;0;2;0;2;0;0;99;0
4664158;169,401;0;0;1;8;1;0;0;99;0
4665658;169,458;0;4;0;7;0;0;0;99;0
4667158;169,516;0;3;5;6;0;0;0;99;0
4668658;169,571;0;2;4;5;4;0;0;99;0
4670158;169,622;0;1;3;4;3;0;0;99;0
4671658;169,675;0;0;2;3;2;0;0;99;0
4673158;169,734;4;0;1;2;1;0;0;99;0
4674681;169,788;3;0;0;1;0;0;0;99;0
4676181;169,846;2;0;6;0;0;0;0;99;0
4677681;169,902;1;0;5;8;0;0;0;99;0
4679181;169,957;0;0;4;7;4;0;0;99;0
4680681;170,014;5;0;3;6;3;0;0;99;0
4682181;170,066;4;0;2;5;2;0;0;99;0
4683681;170,121;3;0;1;4;1;0;0;99;0
4685181;170,171;2;0;0;3;0;0;0;99;0
4686681;170,23;1;0;7;2;0;0;0;99;0
4688181;170,285;0;0;6;1;0;4;0;99;0
4689681;170,344;6;0;5;0;0;3;0;99;0
4691200;170,399;5;0;4;0;0;2;0;99;4
4692700;170,452;4;0;3;0;0;1;0;99;3
4694200;170,502;3;0;2;0;0;0;0;99;2
4695700;170,556;2;4;1;0;0;0;0;99;1
4697200;170,609;1;3;0;0;0;0;0;99;0
4698700;170,668;0;2;0;0;0;0;0;99;5
4700200;170,726;0;1;0;4;0;0;0;99;4
4701700;170,78;0;0;4;3;0;0;0;99;3
4703200;170,835;0;0;3;2;4;0;0;99;2
4704700;170,887;0;0;2;1;3;0;0;99;1
4706200;170,941;0;0;1;0;2;0;0;99;0
4707718;171,002;0;0;0;5;1;0;0;99;0
4709218;171,059;0;0;5;4;0;0;0;99;0
4710718;171,118;0;0;4;3;5;0;0;99;0
4712218;171,174;0;0;3;2;4;4;0;99;0
4713718;171,231;0;0;2;1;3;3;0;99;0
4715218;171,285;0;0;1;0;2;2;0;99;0
4716718;171,342;0;0;0;6;1;1;0;99;0
4718218;171,397;0;0;6;5;0;0;0;99;0
4719718;171,456;0;0;5;4;6;0;0;99;0
4721218;171,512;4;0;4;3;5;0;0;99;0
4722718;171,565;3;0;3;2;4;0;0;99;0
4724234;171,62;2;0;2;1;3;0;0;99;0
4725734;171,671;1;0;1;0;2;0;0;99;0
4727234;171,727;0;4;0;0;1;0;0;99;0
4728734;171,784;0;3;7;0;0;0;0;99;0
4730234;171,844;0;2;6;4;0;0;0;99;0
4731734;171,901;0;1;5;3;0;4;0;99;0
4733234;171,954;0;0;4;2;0;3;0;99;0
4734734;172,012;4;0;3;1;0;2;0;99;0
4736234;172,063;3;0;2;0;0;1;0;99;0
4737734;172,117;2;4;1;0;0;0;0;99;0
4739234;172,172;1;3;0;0;0;0;0;99;4
4740759;172,227;0;2;0;4;0;0;0;99;3
4742259;172,283;0;1;4;3;0;0;0;99;2
4743759;172,336;0;0;3;2;0;0;0;99;1
4745259;172,395;0;0;2;1;4;0;0;99;0
4746759;172,452;0;0;1;0;3;4;0;99;0
4748259;172,508;4;0;0;0;2;3;0;99;0
4749759;172,561;3;0;5;0;1;2;0;99;0
4751259;172,615;2;0;4;0;0;1;0;99;0
4752759;172,669;1;0;3;4;0;0;0;99;0
4754259;172,724;0;0;2;3;4;0;0;99;0
4755759;172,782;0;0;1;2;3;4;0;99;0
4757282;172,838;0;0;0;1;2;3;0;99;0
4758782;172,895;0;0;6;0;1;2;0;99;0
4760282;172,95;0;0;5;5;0;1;0;99;0
4761782;173,007;0;0;4;4;5;0;0;99;0
4763282;173,064;0;4;3;3;4;0;0;99;0
4764782;173,118;0;3;2;2;3;0;0;99;0
4766282;173,172;0;2;1;1;2;0;0;99;0
4767782;173,224;0;1;0;0;1;0;0;99;0
4769282;173,282;0;0;7;0;0;0;0;99;0
4771282;173,363;0;0;6;4;6;0;0;99;0
4772782;173,421;4;0;5;3;5;0;0;99;0
4774301;173,475;3;0;4;2;4;0;0;99;0
4775801;173,528;2;0;3;1;3;0;0;99;0
4777301;173,579;1;0;2;0;2;0;0;99;0
4778801;173,632;0;0;1;5;1;0;0;99;0
4780301;173,689;0;0;0;4;0;4;0;99;0
4781801;173,748;0;0;8;3;0;3;0;99;0
4783301;173,808;4;0;7;2;0;2;0;99;0
4784801;173,86;3;0;6;1;0;1;0;99;0
4786301;173,912;2;0;5;0;0;0;0;99;0
4787801;173,969;1;0;4;0;0;0;0;99;4
4789301;174,023;0;4;3;0;0;0;0;99;3
4790820;174,081;0;3;2;4;0;0;0;99;2
4792320;174,134;0;2;1;3;0;0;0;99;1
4793820;174,187;0;1;0;2;0;0;0;99;0
4795320;174,243;0;0;8;1;0;0;0;99;0
4796820;174,303;0;0;7;0;4;0;0;99;0
4798320;174,361;0;0;6;5;3;0;0;99;0
4799820;174,418;4;0;5;4;2;0;0;99;0
4801320;174,472;3;0;4;3;1;0;0;99;0
4802820;174,524;2;0;3;2;0;0;0;99;0
4804320;174,581;1;0;2;1;0;4;0;99;0
4805820;174,634;0;0;1;0;0;3;0;99;0
4807337;174,694;0;0;0;6;0;2;0;99;0
4808837;174,752;0;0;8;5;0;1;0;99;0
4810337;174,81;0;0;7;4;4;0;0;99;0
4811837;174,865;4;0;6;3;3;0;0;99;0
4813337;174,919;3;0;5;2;2;0;0;99;0
4814837;174,973;2;0;4;1;1;0;0;99;0
4816337;175,025;1;0;3;0;0;0;0;99;0
4817837;175,086;0;0;2;7;0;0;0;99;0
4819337;175,144;0;0;1;6;4;0;0;99;0
4820837;175,2;0;4;0;5;3;0;0;99;0
4822337;175,255;0;3;8;4;2;0;0;99;0
4823862;175,309;0;2;7;3;1;0;0;99;0
4825362;175,363;0;1;6;2;0;0;0;99;0
4826862;175,417;4;0;5;1;0;0;0;99;0
4828362;175,471;3;0;4;0;4;0;0;99;0
4829862;175,524;2;0;3;8;3;0;0;99;0
4831362;175,576;1;0;2;7;2;0;0;99;0
4832862;175,627;0;0;1;6;1;0;0;99;0
4834362;175,683;5;0;0;5;0;0;0;99;0
4835862;175,739;4;0;8;4;0;0;0;99;0
4837362;175,793;3;0;7;3;4;0;0;99;0
4838862;175,846;2;0;6;2;3;0;0;99;0
4840381;175,9;1;0;5;1;2;0;0;99;0
4841881;175,953;0;0;4;0;1;0;0;99;0
4843381;176,013;0;0;3;8;0;0;0;99;0
4844881;176,069;0;0;2;7;5;0;0;99;0
4846381;176,127;4;0;1;6;4;0;0;99;0
4847881;176,179;3;0;0;5;3;0;0;99;0
4849381;176,234;2;0;8;4;2;0;0;99;0
4850881;176,287;1;0;7;3;1;0;0;99;0
4852381;176,338;0;0;6;2;0;0;0;99;0
4853881;176,397;5;0;5;1;0;0;0;99;0
4855381;176,452;4;0;4;0;4;0;0;99;0
4856906;176,513;3;0;3;8;3;0;0;99;0
4858406;176,569;2;0;2;7;2;0;0;99;0
4859906;176,623;1;0;1;6;1;0;0;99;0
4861406;176,678;0;0;0;5;0;0;0;99;0
4863406;176,758;0;4;8;4;0;0;0;99;0
4864906;176,815;4;3;7;3;0;0;0;99;0
4866406;176,867;3;2;6;2;0;0;0;99;0
4867906;176,922;2;1;5;1;0;0;0;99;0
4869406;176,973;1;0;4;0;0;0;0;99;0
4870906;177,031;0;0;3;8;0;0;0;99;0
4872406;177,089;5;0;2;7;0;0;0;99;0
4873931;177,145;4;4;1;6;0;0;0;99;0
4875431;177,197;3;3;0;5;0;0;0;99;0
4876931;177,251;2;2;8;4;0;0;0;99;0
4878431;177,306;1;1;7;3;0;0;0;99;0
4879931;177,357;0;0;6;2;0;0;0;99;0
4881431;177,417;0;0;5;1;4;0;0;99;0
4882931;177,471;4;0;4;0;3;0;0;99;0
4884431;177,525;3;0;3;8;2;0;0;99;0
4885931;177,579;2;0;2;7;1;0;0;99;0
4887431;177,631;1;0;1;6;0;0;0;99;0
4888931;177,685;0;0;0;5;0;4;0;99;0
4890454;177,745;0;4;0;4;0;3;0;99;0
4891954;177,801;0;3;4;3;0;2;0;99;0
4893454;177,856;0;2;3;2;0;1;0;99;0
4894954;177,908;0;1;2;1;0;0;0;99;0
4896454;177,963;0;0;1;0;4;0;0;99;0
4897954;178,019;0;0;0;8;3;0;0;99;0
4899454;178,079;0;0;5;7;2;0;0;99;0
4900954;178,135;4;0;4;6;1;0;0;99;0
4902454;178,19;3;0;3;5;0;0;0;99;0
4903954;178,244;2;4;2;4;0;0;0;99;0
4905454;178,294;1;3;1;3;0;0;0;99;0
4906975;178,348;0;2;0;2;0;0;0;99;0
4908475;178,406;0;1;6;1;0;0;0;99;0
4909975;178,464;0;0;5;0;4;0;0;99;0
4911475;178,522;0;0;4;8;3;0;0;99;0
4912975;178,579;4;0;3;7;2;0;0;99;0
4914475;178,631;3;0;2;6;1;0;0;99;0
4915975;178,681;2;0;1;5;0;0;0;99;0
4917475;178,736;1;0;0;4;5;0;0;99;0
4918975;178,791;0;0;7;3;4;0;0;99;0
4920475;178,849;0;4;6;2;3;0;0;99;0
4921975;178,902;0;3;5;1;2;0;0;99;0
4923505;178,956;0;2;4;0;1;0;0;99;0
4925005;179,012;0;1;3;0;0;4;0;99;0
4926505;179,066;0;0;2;4;0;3;0;99;0
4928005;179,125;0;0;1;3;4;2;0;99;0
4929505;179,178;0;0;0;2;3;1;0;99;0
4931005;179,235;4;0;0;1;2;0;0;99;0
4932505;179,288;3;0;4;0;1;0;0;99;0
4934005;179,342;2;0;3;5;0;0;0;99;0
4935505;179,4;1;0;2;4;5;0;0;99;0
4937005;179,454;0;0;1;3;4;0;0;99;0
4938505;179,511;5;0;0;2;3;0;0;99;0
4940024;179,566;4;0;0;1;2;0;4;99;0
4941524;179,616;3;0;0;0;1;0;3;99;0
4943024;179,668;2;0;0;6;0;0;2;99;0
4944524;179,721;1;0;4;5;0;0;1;99;0
4946024;179,773;0;0;3;4;0;0;0;99;0
4947524;179,831;0;0;2;3;4;0;0;99;0
4949024;179,889;0;0;1;2;3;4;0;99;0
4950524;179,942;0;0;0;1;2;3;0;99;0
4952024;179,996;0;0;5;0;1;2;0;99;0
4953524;180,052;4;0;4;0;0;1;0;99;0
4955024;180,107;3;0;3;4;0;0;0;99;0
4956545;180,165;2;4;2;3;0;0;0;99;0
4958045;180,216;1;3;1;2;0;0;0;99;0
4959545;180,266;0;2;0;1;0;0;0;99;0
4961045;180,324;0;1;6;0;0;0;0;99;0
4962545;180,381;0;0;5;5;0;0;0;99;0
4964045;180,441;4;0;4;4;0;0;0;99;0
4965545;180,497;3;0;3;3;4;0;0;99;0
4967045;180,55;2;0;2;2;3;0;0;99;0
4968545;180,602;1;0;1;1;2;0;0;99;0
4970045;180,655;0;0;0;0;1;0;0;99;0
4972045;180,736;0;0;7;6;0;0;0;99;0
4973561;180,798;0;0;6;5;0;0;0;99;4
4975061;180,852;0;0;5;4;4;0;0;99;3
4976561;180,907;0;0;4;3;3;0;0;99;2
4978061;180,958;0;0;3;2;2;0;0;99;1
4979561;181,011;0;0;2;1;1;0;0;99;0
4981061;181,066;0;0;1;0;0;4;0;99;0
4982561;181,124;0;0;0;7;0;3;0;99;0
4984061;181,194;0;0;0;6;4;2;0;99;0
4985561;181,249;0;0;4;5;3;1;0;99;0
4987061;181,303;0;0;3;4;2;0;0;99;0
4988561;181,358;4;0;2;3;1;0;0;99;0
4990084;181,412;3;0;1;2;0;0;0;99;0
4991584;181,469;2;0;0;1;5;0;0;99;0
4993084;181,525;1;0;5;0;4;0;0;99;0
4994584;181,581;0;0;4;8;3;0;0;99;0
4996084;181,637;0;4;3;7;2;0;0;99;0
4997584;181,691;0;3;2;6;1;0;0;99;0
4999084;181,744;0;2;1;5;0;0;0;99;0
5000584;181,801;4;1;0;4;0;0;0;99;0
5002084;181,855;3;0;6;3;0;0;0;99;0
5003584;181,909;2;0;5;2;4;0;0;99;0
5005084;181,964;1;0;4;1;3;0;0;99;0
5006609;182,02;0;0;3;0;2;0;0;99;0
5008109;182,081;5;0;2;0;1;0;0;99;0
5009609;182,135;4;0;1;4;0;0;0;99;0
5011109;182,189;3;0;0;3;0;4;0;99;0
5012609;182,243;2;0;7;2;0;3;0;99;0
5014109;182,296;1;0;6;1;0;2;0;99;0
5015609;182,349;0;0;5;0;0;1;0;99;0
5017109;182,403;0;0;4;5;0;0;0;99;0
5018609;182,455;0;0;3;4;4;0;0;99;0
5020109;182,502;4;0;2;3;3;0;0;99;0
5021609;182,549;3;0;1;2;2;0;0;99;0
5023134;182,602;2;0;0;1;1;0;0;99;0
5024634;182,655;1;0;0;0;0;0;0;99;4
5026134;182,71;0;0;0;0;0;4;0;99;3
5027634;182,763;0;0;0;4;0;3;0;99;2
5029134;182,817;0;0;4;3;0;2;0;99;1
5030634;182,866;0;0;3;2;0;1;0;99;0
5032134;182,919;4;0;2;1;0;0;0;99;0
5033634;182,981;3;4;1;0;0;0;0;99;0
5035134;183,031;2;3;0;5;0;0;0;99;0
5036634;183,083;1;2;5;4;0;0;0;99;0
5038134;183,132;0;1;4;3;0;0;0;99;0
5039649;183,186;0;0;3;2;0;0;4;99;0
5041149;183,237;0;0;2;1;4;0;3;99;0
5042649;183,288;0;0;1;0;3;0;2;99;0
5044149;183,342;0;0;0;6;2;0;1;99;0
5045649;183,398;0;0;6;5;1;0;0;99;0
5047149;183,455;4;0;5;4;0;0;0;99;0
5048649;183,508;3;0;4;3;5;0;0;99;0
5050149;183,558;2;0;3;2;4;0;0;99;0
5051649;183,61;1;0;2;1;3;0;0;99;0
5053149;183,661;0;0;1;0;2;0;0;99;0
5054649;183,718;0;0;0;7;1;0;0;99;0
5056171;183,776;4;0;0;6;0;0;0;99;0
5057671;183,835;3;0;4;5;0;0;0;99;0
5059171;183,893;2;0;3;4;0;4;0;99;0
5060671;183,948;1;0;2;3;0;3;0;99;0
5062171;184,002;0;0;1;2;0;2;0;99;0
5063671;184,057;5;0;0;1;0;1;0;99;0
5065171;184,112;4;0;5;0;0;0;0;99;0
5066671;184,168;3;0;4;8;0;0;0;99;0
5068171;184,223;2;0;3;7;4;0;0;99;0
5069671;184,274;1;0;2;6;3;0;0;99;0
5071171;184,327;0;0;1;5;2;0;0;99;0
5072689;184,384;0;4;0;4;1;0;0;99;0
5074189;184,439;0;3;6;3;0;0;0;99;0
5075689;184,494;0;2;5;2;5;0;0;99;0
5077189;184,549;0;1;4;1;4;0;0;99;0
5078689;184,602;0;0;3;0;3;0;0;99;0
5080189;184,66;0;0;2;0;2;4;0;99;0
5081689;184,717;0;0;1;4;1;3;0;99;0
5083189;184,774;0;0;0;3;0;2;0;99;0
5084689;184,832;0;0;7;2;0;1;0;99;0
5086189;184,887;4;0;6;1;0;0;0;99;0
5087689;184,942;3;0;5;0;0;5;0;99;0
5089210;184,998;2;0;4;0;0;4;0;99;4
5090710;185,05;1;0;3;0;0;3;0;99;3
5092210;185,101;0;0;2;0;0;2;0;99;2
5093710;185,158;0;0;1;4;0;1;0;99;1
5095210;185,212;0;0;0;3;0;0;0;99;0
5097210;185,29;0;0;8;2;4;0;0;99;0
5098710;185,343;4;0;7;1;3;0;0;99;0
5100210;185,397;3;0;6;0;2;0;0;99;0
5101710;185,454;2;0;5;5;1;0;0;99;0
5103210;185,507;1;0;4;4;0;0;0;99;0
5104710;185,562;0;0;3;3;5;0;0;99;0
5106235;185,62;0;4;2;2;4;0;0;99;0
5107735;185,672;0;3;1;1;3;0;0;99;0
5109235;185,726;0;2;0;0;2;0;0;99;0
5110735;185,786;0;1;0;6;1;0;0;99;0
5112235;185,84;0;0;4;5;0;0;0;99;0
5113735;185,896;0;0;3;4;6;0;0;99;0
5115235;185,953;4;0;2;3;5;0;0;99;0
5116735;186,006;3;0;1;2;4;0;0;99;0
5118235;186,059;2;0;0;1;3;0;0;99;0
5119735;186,117;1;0;0;0;2;4;0;99;0
5121235;186,171;0;0;0;7;1;3;0;99;0
5122757;186,229;5;0;0;6;0;2;0;99;0
5124257;186,289;4;0;0;5;7;1;0;99;0
5125757;186,342;3;0;0;4;6;0;0;99;0
5127257;186,397;2;0;4;3;5;0;0;99;0
5128757;186,451;1;0;3;2;4;0;0;99;0
5130257;186,502;0;0;2;1;3;0;0;99;0
5131757;186,557;6;0;1;0;2;0;0;99;0
5133257;186,613;5;0;0;8;1;0;0;99;0
5134757;186,667;4;0;5;7;0;0;0;99;0
5136257;186,722;3;0;4;6;8;0;0;99;0
5137757;186,776;2;0;3;5;7;0;0;99;0
5139274;186,83;1;0;2;4;6;0;0;99;0
5140774;186,881;0;0;1;3;5;0;0;99;0
5142274;186,936;0;4;0;2;4;0;0;99;0
5143774;186,989;0;3;6;1;3;0;0;99;0
5145274;187,042;0;2;5;0;2;0;0;99;0
5146774;187,099;0;1;4;8;1;0;0;99;0
5148274;187,151;0;0;3;7;0;0;0;99;0
5149774;187,208;4;0;2;6;0;0;0;99;0
5151274;187,261;3;0;1;5;4;0;0;99;0
5152774;187,314;2;0;0;4;3;0;0;99;0
5154274;187,368;1;0;7;3;2;0;0;99;0
5155793;187,422;0;0;6;2;1;0;0;99;0
5157293;187,478;5;0;5;1;0;0;0;99;0
5158793;187,533;4;4;4;0;0;0;0;99;0
5160293;187,587;3;3;3;8;0;0;0;99;0
5161793;187,639;2;2;2;7;0;0;0;99;0
5163293;187,689;1;1;1;6;0;0;0;99;0
5164793;187,741;0;0;0;5;0;0;0;99;0
5166793;187,823;6;0;8;4;0;0;0;99;0
5168293;187,877;5;0;7;3;0;4;0;99;0
5169793;187,932;4;0;6;2;0;3;0;99;0
5171293;187,985;3;0;5;1;0;2;0;99;0
5172812;188,041;2;0;4;0;0;1;0;99;0
5174312;188,096;1;0;3;8;0;0;0;99;0
5175812;188,151;0;0;2;7;4;0;0;99;0
5177312;188,206;7;0;1;6;3;0;0;99;0
5178812;188,26;6;0;0;5;2;0;0;99;0
5180312;188,316;5;0;8;4;1;0;0;99;0
5181812;188,37;4;0;7;3;0;0;0;99;0
5183312;188,425;3;0;6;2;5;0;0;99;0
5184812;188,476;2;0;5;1;4;0;0;99;0
5186312;188,531;1;0;4;0;3;0;0;99;0
5187812;188,586;0;0;3;8;2;0;0;99;0
5189334;188,645;0;4;2;7;1;0;0;99;0
5190834;188,698;0;3;1;6;0;0;0;99;0
5192334;188,754;0;2;0;5;6;0;0;99;0
5193834;188,808;0;1;8;4;5;0;0;99;0
5195334;188,861;0;0;7;3;4;0;0;99;0
5196834;188,919;4;0;6;2;3;0;0;99;0
5198334;188,972;3;0;5;1;2;0;0;99;0
5199834;189,026;2;0;4;0;1;0;0;99;0
5201334;189,079;1;0;3;0;0;0;0;99;4
5202834;189,133;0;4;2;0;0;0;0;99;3
5204334;189,19;0;3;1;4;0;0;0;99;2
5205858;189,243;0;2;0;3;0;0;0;99;1
5207358;189,301;0;1;8;2;0;0;0;99;0
5208858;189,357;0;0;7;1;4;0;0;99;0
5210358;189,413;4;0;6;0;3;0;0;99;0
5211858;189,465;3;0;5;5;2;0;0;99;0
5213358;189,518;2;0;4;4;1;0;0;99;0
5214858;189,57;1;0;3;3;0;0;0;99;0
5216358;189,625;0;0;2;2;5;0;0;99;0
5217858;189,683;0;0;1;1;4;4;0;99;0
5219358;189,737;0;0;0;0;3;3;0;99;0
5220858;189,794;0;0;0;6;2;2;0;99;0
5222380;189,852;0;0;4;5;1;1;0;99;0
5223880;189,906;0;0;3;4;0;0;0;99;0
5225380;189,965;0;0;2;3;6;0;0;99;0
5226880;190,018;4;0;1;2;5;0;0;99;0
5228380;190,071;3;0;0;1;4;0;0;99;0
5229880;190,125;2;0;5;0;3;0;0;99;0
5231380;190,178;1;0;4;7;2;0;0;99;0
5232880;190,232;0;0;3;6;1;0;0;99;0
5234380;190,287;0;0;2;5;0;4;0;99;0
5235880;190,343;4;0;1;4;0;3;0;99;0
5237380;190,393;3;0;0;3;0;2;0;99;0
5238905;190,448;2;0;6;2;0;1;0;99;0
5240405;190,498;1;0;5;1;0;0;0;99;0
5241905;190,553;0;0;4;0;0;5;0;99;0
5243405;190,612;0;0;3;8;0;4;0;99;0
5244905;190,669;0;0;2;7;4;3;0;99;0
5246405;190,723;0;0;1;6;3;2;0;99;0
5247905;190,776;0;0;0;5;2;1;0;99;0
5249405;190,831;0;0;7;4;1;0;0;99;0
5250905;190,887;0;4;6;3;0;0;0;99;0
5252405;190,944;0;3;5;2;5;0;0;99;0
5253905;190,997;0;2;4;1;4;0;0;99;0
5255427;191,051;0;1;3;0;3;0;0;99;0
5256927;191,106;0;0;2;0;2;4;0;99;0
5258427;191,163;0;0;1;4;1;3;0;99;0
5259927;191,218;0;0;0;3;0;2;0;99;0
5261427;191,277;0;0;8;2;0;1;0;99;0
5262927;191,333;0;0;7;1;4;0;0;99;0
5264427;191,388;0;4;6;0;3;0;0;99;0
5265927;191,442;0;3;5;5;2;0;0;99;0
5267427;191,497;0;2;4;4;1;0;0;99;0
5268927;191,551;0;1;3;3;0;0;0;99;0
5270427;191,606;0;0;2;2;5;0;0;99;0
5271952;191,664;0;5;1;1;4;0;0;99;0
5273452;191,716;0;4;0;0;3;0;0;99;0
5274952;191,775;0;3;8;0;2;0;0;99;0
5276452;191,83;0;2;7;4;1;0;0;99;0
5277952;191,884;0;1;6;3;0;0;0;99;0
5279452;191,939;0;0;5;2;0;4;0;99;0
5280952;191,995;0;0;4;1;4;3;0;99;0
5282452;192,05;0;0;3;0;3;2;0;99;0
5283952;192,105;0;0;2;5;2;1;0;99;0
5285452;192,16;0;0;1;4;1;0;0;99;0
5286952;192,215;4;0;0;3;0;0;0;99;0
5288480;192,276;3;0;0;2;0;0;4;99;0
5289980;192,329;2;0;4;1;0;0;3;99;0
5291480;192,38;1;0;3;0;0;0;2;99;0
5292980;192,433;0;0;2;6;0;0;1;99;0
5294480;192,488;0;0;1;5;4;0;0;99;0
5295980;192,545;4;0;0;4;3;0;0;99;0
5297480;192,6;3;0;5;3;2;0;0;99;0
5298980;192,652;2;0;4;2;1;0;0;99;0
5300480;192,703;1;0;3;1;0;0;0;99;0
5301980;192,756;0;0;2;0;5;0;0;99;0
5303480;192,816;0;0;1;7;4;0;0;99;0
5304999;192,875;0;0;0;6;3;0;0;99;4
5306499;192,93;0;0;6;5;2;0;0;99;3
5307999;192,981;0;0;5;4;1;0;0;99;2
5309499;193,035;0;0;4;3;0;0;0;99;1
5310999;193,091;0;0;3;2;0;4;0;99;0
5312499;193,149;4;0;2;1;0;3;0;99;0
5313999;193,201;3;0;1;0;0;2;0;99;0
5315499;193,254;2;0;0;8;0;1;0;99;0
5316999;193,309;1;0;7;7;0;0;0;99;0
5318499;193,363;0;0;6;6;4;0;0;99;0
5319999;193,422;0;0;5;5;3;4;0;99;0
5321515;193,479;0;0;4;4;2;3;0;99;0
5323015;193,534;0;0;3;3;1;2;0;99;0
5324515;193,589;0;0;2;2;0;1;0;99;0
5326015;193,645;4;0;1;1;0;0;0;99;0
5327515;193,701;3;0;0;0;0;0;0;99;4
5329015;193,756;2;4;0;0;0;0;0;99;3
5330515;193,813;1;3;0;4;0;0;0;99;2
5332015;193,864;0;2;0;3;0;0;0;99;1
5333515;193,917;0;1;4;2;0;0;0;99;0
5335015;193,972;4;0;3;1;0;0;0;99;0
5336515;194,027;3;0;2;0;0;4;0;99;0
5338035;194,086;2;0;1;5;0;3;0;99;0
5339535;194,139;1;0;0;4;0;2;0;99;0
5341035;194,195;0;0;0;3;4;1;0;99;0
5342535;194,249;0;0;4;2;3;0;0;99;0
5344035;194,303;4;0;3;1;2;0;0;99;0
5345535;194,358;3;0;2;0;1;0;0;99;0
5347035;194,414;2;0;1;0;0;0;0;99;4
5348535;194,47;1;0;0;0;0;4;0;99;3
5350035;194,525;0;0;0;0;4;3;0;99;2
5351535;194,577;0;0;4;0;3;2;0;99;1
5353035;194,631;0;0;3;0;2;1;0;99;0
5354554;194,689;4;0;2;0;1;0;0;99;0
5356054;194,745;3;0;1;4;0;0;0;99;0
5357554;194,799;2;4;0;3;0;0;0;99;0
5359054;194,855;1;3;5;2;0;0;0;99;0
5360554;194,907;0;2;4;1;0;0;0;99;0
5362054;194,963;0;1;3;0;4;0;0;99;0
5363554;195,02;0;0;2;5;3;0;0;99;0
5365054;195,076;4;0;1;4;2;0;0;99;0
5366554;195,131;3;0;0;3;1;0;0;99;0
5368054;195,186;2;0;6;2;0;0;0;99;0
5369554;195,243;1;0;5;1;0;4;0;99;0
5371074;195,297;0;0;4;0;0;3;0;99;0
5372574;195,358;0;0;3;6;0;2;0;99;0
5374074;195,414;0;0;2;5;4;1;0;99;0
5375574;195,471;0;0;1;4;3;0;0;99;0
5377074;195,526;4;0;0;3;2;0;0;99;0
5378574;195,58;3;0;7;2;1;0;0;99;0
5380074;195,634;2;0;6;1;0;0;0;99;0
5381574;195,69;1;0;5;0;5;0;0;99;0
5383074;195,749;0;0;4;7;4;0;0;99;0
5384574;195,803;5;0;3;6;3;0;0;99;0
5386074;195,856;4;0;2;5;2;0;0;99;0
5387602;195,913;3;0;1;4;1;0;0;99;0
5389102;195,968;2;0;0;3;0;0;0;99;0
5390602;196,027;1;0;8;2;0;0;0;99;0
5392102;196,081;0;0;7;1;4;0;0;99;0
5393602;196,139;6;0;6;0;3;0;0;99;0
5395102;196,195;5;0;5;8;2;0;0;99;0
5396602;196,25;4;0;4;7;1;0;0;99;0
5398102;196,303;3;0;3;6;0;0;0;99;0
5399602;196,358;2;0;2;5;5;0;0;99;0
5401102;196,413;1;0;1;4;4;0;0;99;0
5402602;196,468;0;0;0;3;3;0;0;99;0
5404124;196,532;0;4;0;2;2;0;0;99;0
5405624;196,585;0;3;4;1;1;0;0;99;0
5407124;196,638;0;2;3;0;0;0;0;99;0
5408624;196,694;0;1;2;8;0;0;0;99;0
5410124;196,751;4;0;1;7;0;0;0;99;0
5411624;196,809;3;0;0;6;0;4;0;99;0
5413124;196,863;2;0;5;5;0;3;0;99;0
5414624;196,915;1;0;4;4;0;2;0;99;0
5416124;196,965;0;0;3;3;0;1;0;99;0
5417624;197,021;0;0;2;2;4;0;0;99;0
5419124;197,078;4;0;1;1;3;0;0;99;0
5420644;197,133;3;0;0;0;2;0;0;99;0
5422144;197,195;2;0;0;8;1;0;0;99;0
5423644;197,25;1;0;4;7;0;0;0;99;0
5425144;197,307;0;4;3;6;0;0;0;99;0
5426644;197,362;0;3;2;5;4;0;0;99;0
5428144;197,415;0;2;1;4;3;0;0;99;0
5429644;197,47;0;1;0;3;2;0;0;99;0
5431144;197,525;0;0;5;2;1;0;0;99;0
5432644;197,582;4;0;4;1;0;0;0;99;0
5434144;197,636;3;0;3;0;0;4;0;99;0
5435644;197,694;2;0;2;8;0;3;0;99;0
5437170;197,751;1;0;1;7;0;2;0;99;0
5438670;197,807;0;0;0;6;0;1;0;99;0
5440170;197,864;0;0;6;5;0;0;0;99;0
5441670;197,919;0;0;5;4;4;0;0;99;0
5443170;197,975;0;0;4;3;3;4;0;99;0
5444670;198,03;0;0;3;2;2;3;0;99;0
5446170;198,088;0;0;2;1;1;2;0;99;0
5447670;198,142;0;0;1;0;0;1;0;99;0
5449170;198,2;0;0;0;8;0;0;0;99;0
5451170;198,279;0;0;7;7;4;0;0;99;0
5452670;198,338;4;0;6;6;3;0;0;99;0
5454193;198,392;3;0;5;5;2;0;0;99;0
5455693;198,444;2;0;4;4;1;0;0;99;0
5457193;198,498;1;0;3;3;0;0;0;99;0
5458693;198,552;0;0;2;2;0;4;0;99;0
5460193;198,609;5;0;1;1;0;3;0;99;0
5461693;198,661;4;0;0;0;0;2;0;99;0
5463193;198,721;3;0;0;0;0;1;0;99;4
5464693;198,775;2;0;0;0;4;0;0;99;3
5466193;198,831;1;0;0;4;3;0;0;99;2
5467693;198,883;0;0;0;3;2;0;0;99;1
5469193;198,937;0;0;4;2;1;0;0;99;0
5470711;198,996;0;0;3;1;0;4;0;99;0
5472211;199,051;0;0;2;0;5;3;0;99;0
5473711;199,109;0;0;1;5;4;2;0;99;0
5475211;199,165;0;0;0;4;3;1;0;99;0
5476711;199,22;0;0;5;3;2;0;0;99;0
5478211;199,278;4;0;4;2;1;0;0;99;0
5479711;199,331;3;0;3;1;0;0;0;99;0
5481211;199,389;2;0;2;0;6;0;0;99;0
5482711;199,444;1;0;1;6;5;0;0;99;0
5484211;199,498;0;0;0;5;4;0;0;99;0
5485711;199,555;0;0;6;4;3;0;0;99;0
5487236;199,615;4;0;5;3;2;0;0;99;0
5488736;199,67;3;0;4;2;1;0;0;99;0
5490236;199,724;2;0;3;1;0;0;0;99;0
5491736;199,779;1;0;2;0;0;4;0;99;0
5493236;199,833;0;0;1;7;0;3;0;99;0
5494736;199,89;5;0;0;6;0;2;0;99;0
5496236;199,945;4;0;7;5;0;1;0;99;0
5497736;199,999;3;0;6;4;0;0;0;99;0
5499236;200,052;2;0;5;3;0;5;0;99;0
5500736;200,107;1;0;4;2;0;4;0;99;0
5502236;200,16;0;0;3;1;0;3;0;99;0
5503754;200,216;0;4;2;0;0;2;0;99;0
5505254;200,272;0;3;1;8;0;1;0;99;0
5506754;200,325;0;2;0;7;0;0;0;99;0
5508254;200,384;0;1;0;6;4;0;0;99;0
5509754;200,439;0;0;4;5;3;0;0;99;0
5511254;200,494;0;0;3;4;2;4;0;99;0
5512754;200,55;0;0;2;3;1;3;0;99;0
5514254;200,604;0;0;1;2;0;2;0;99;0
5515754;200,662;0;0;0;1;5;1;0;99;0
5517254;200,717;0;0;5;0;4;0;0;99;0
5518754;200,776;0;0;4;0;3;5;0;99;0
5520278;200,832;0;4;3;0;2;4;0;99;0
5521778;200,887;0;3;2;0;1;3;0;99;0
5523278;200,94;0;2;1;0;0;2;0;99;0
5524778;200,996;0;1;0;4;0;1;0;99;0
5526278;201,05;0;0;6;3;0;0;0;99;0
5527778;201,108;4;0;5;2;0;0;0;99;0
5529278;201,164;3;0;4;1;4;0;0;99;0
5530778;201,217;2;0;3;0;3;0;0;99;0
5532278;201,273;1;0;2;5;2;0;0;99;0
5533778;201,326;0;0;1;4;1;0;0;99;0
5535278;201,379;5;0;0;3;0;0;0;99;0
5536804;201,44;4;0;0;2;0;0;4;99;0
5538304;201,494;3;0;0;1;4;0;3;99;0
5539804;201,545;2;0;0;0;3;0;2;99;0
5541304;201,6;1;0;0;6;2;0;1;99;0
5542804;201,65;0;0;0;5;1;0;0;99;0
5544304;201,709;6;0;0;4;0;0;0;99;0
5545804;201,764;5;0;4;3;0;0;0;99;0
5547304;201,817;4;0;3;2;4;0;0;99;0
5548804;201,871;3;0;2;1;3;0;0;99;0
5550304;201,924;2;0;1;0;2;0;0;99;0
5551804;201,979;1;0;0;7;1;0;0;99;0
5553325;202,032;0;0;5;6;0;0;0;99;0
5554825;202,09;0;0;4;5;5;0;0;99;0
5556325;202,145;4;0;3;4;4;0;0;99;0
5557825;202,199;3;0;2;3;3;0;0;99;0
5559325;202,254;2;0;1;2;2;0;0;99;0
5560825;202,307;1;0;0;1;1;0;0;99;0
5562325;202,364;0;0;0;0;0;4;0;99;0
5564325;202,442;0;0;4;8;0;3;0;99;0
5565825;202,499;0;0;3;7;4;2;0;99;0
5567325;202,554;0;0;2;6;3;1;0;99;0
5568825;202,611;0;0;1;5;2;0;0;99;0
5570346;202,668;4;0;0;4;1;0;0;99;0
5571846;202,722;3;0;5;3;0;0;0;99;0
5573346;202,777;2;0;4;2;0;4;0;99;0
5574846;202,829;1;0;3;1;0;3;0;99;0
5576346;202,883;0;0;2;0;0;2;0;99;0
5577846;202,941;0;0;1;8;0;1;0;99;0
5579346;202,998;0;0;0;7;4;0;0;99;0
5580846;203,055;0;0;6;6;3;0;0;99;0
5582346;203,109;4;0;5;5;2;0;0;99;0
5583846;203,163;3;0;4;4;1;0;0;99;0
5585346;203,216;2;0;3;3;0;0;0;99;0
5586863;203,275;1;4;2;2;0;0;0;99;0
5588363;203,327;0;3;1;1;0;0;0;99;0
5589863;203,383;0;2;0;0;4;0;0;99;0
5591363;203,439;0;1;7;0;3;0;0;99;0
5592863;203,495;0;0;6;4;2;0;0;99;0
5594363;203,552;4;0;5;3;1;0;0;99;0
5595863;203,604;3;0;4;2;0;0;0;99;0
5597363;203,656;2;0;3;1;5;0;0;99;0
5598863;203,707;1;0;2;0;4;0;0;99;0
5600363;203,763;0;0;1;5;3;0;0;99;0
5601863;203,819;0;0;0;4;2;4;0;99;0
5603383;203,876;0;0;0;3;1;3;4;99;0
5604883;203,929;0;0;0;2;0;2;3;99;0
5606383;203,982;0;0;4;1;0;1;2;99;0
5607883;204,034;0;0;3;0;0;0;1;99;0
5609383;204,093;0;0;2;6;0;0;0;99;0
5610883;204,151;4;0;1;5;0;0;0;99;0
5612383;204,209;3;0;0;4;0;4;0;99;0
5613883;204,266;2;0;0;3;4;3;0;99;0
5615383;204,318;1;0;0;2;3;2;0;99;0
5616883;204,37;0;0;0;1;2;1;0;99;0
5618383;204,424;0;0;4;0;1;0;0;99;0
5619904;204,484;0;0;3;7;0;0;0;99;0
5621404;204,546;0;0;2;6;5;0;0;99;0
5622904;204,604;4;0;1;5;4;0;0;99;0
5624404;204,655;3;0;0;4;3;0;0;99;0
5625904;204,71;2;0;5;3;2;0;0;99;0
5627404;204,761;1;0;4;2;1;0;0;99;0
5628904;204,813;0;0;3;1;0;0;0;99;0
5630404;204,872;5;0;2;0;0;0;0;99;0
5631904;204,929;4;0;1;8;0;0;0;99;0
5633404;204,987;3;0;0;7;4;0;0;99;0
5634904;205,041;2;0;6;6;3;0;0;99;0
5636424;205,095;1;0;5;5;2;0;0;99;0
5637924;205,148;0;0;4;4;1;0;0;99;0
5639424;205,203;6;0;3;3;0;0;0;99;0
5640924;205,26;5;0;2;2;0;4;0;99;0
5642424;205,312;4;0;1;1;0;3;0;99;0
5643924;205,367;3;0;0;0;0;2;0;99;0
5645424;205,423;2;0;7;0;0;1;0;99;0
5646924;205,478;1;0;6;4;0;0;0;99;0
5648424;205,535;0;0;5;3;0;5;0;99;0
5649924;205,593;0;0;4;2;4;4;0;99;0
5651424;205,649;0;0;3;1;3;3;0;99;0
5652949;205,705;0;0;2;0;2;2;0;99;0
5654449;205,763;0;0;1;5;1;1;0;99;0
5655949;205,817;0;0;0;4;0;0;0;99;0
5657949;205,899;4;0;8;3;0;0;0;99;0
5659449;205,954;3;0;7;2;0;4;0;99;0
5660949;206,011;2;0;6;1;0;3;0;99;0
5662449;206,065;1;0;5;0;0;2;0;99;0
5663949;206,122;0;0;4;0;4;1;0;99;0
5665449;206,178;0;0;3;4;3;0;0;99;0
5666949;206,231;4;0;2;3;2;0;0;99;0
5668449;206,284;3;0;1;2;1;0;0;99;0
5669970;206,339;2;0;0;1;0;0;0;99;0
5671470;206,399;1;0;8;0;0;0;0;99;0
5672970;206,456;0;0;7;5;0;0;0;99;0
5674470;206,513;0;0;6;4;4;0;0;99;0
5675970;206,568;0;0;5;3;3;0;0;99;4
5677470;206,62;0;0;4;2;2;0;0;99;3
5678970;206,674;0;0;3;1;1;0;0;99;2
5680470;206,727;0;0;2;0;0;0;0;99;1
5681970;206,785;0;0;1;0;0;4;0;99;0
5683470;206,841;0;0;0;4;0;3;0;99;0
5684970;206,901;4;0;0;3;0;2;0;99;0
5686490;206,957;3;0;0;2;4;1;0;99;0
5687990;207,011;2;0;0;1;3;0;0;99;0
5689490;207,068;1;0;4;0;2;0;0;99;0
5690990;207,124;0;0;3;5;1;0;0;99;0
5692490;207,181;5;0;2;4;0;0;0;99;0
5693990;207,234;4;0;1;3;5;0;0;99;0
5695490;207,288;3;0;0;2;4;0;0;99;0
5696990;207,342;2;0;5;1;3;0;0;99;0
5698490;207,395;1;0;4;0;2;0;0;99;0
5699990;207,452;0;0;3;0;1;4;0;99;0
5701490;207,506;0;0;2;4;0;3;0;99;0
5703007;207,562;4;0;1;3;0;2;0;99;0
5704507;207,614;3;0;0;2;0;1;0;99;0
5706007;207,67;2;0;6;1;0;0;0;99;0
5707507;207,726;1;0;5;0;4;0;0;99;0
5709007;207,781;0;0;4;5;3;0;0;99;0
5710507;207,837;5;0;3;4;2;0;0;99;0
5712007;207,889;4;0;2;3;1;0;0;99;0
5713507;207,942;3;0;1;2;0;0;0;99;0
5715007;207,998;2;0;0;1;0;4;0;99;0
5716507;208,053;1;0;7;0;0;3;0;99;0
5718007;208,108;0;0;6;6;0;2;0;99;0
5719526;208,165;6;0;5;5;0;1;0;99;0
5721026;208,219;5;0;4;4;0;0;0;99;0
5722526;208,273;4;0;3;3;4;0;0;99;0
5724026;208,326;3;0;2;2;3;0;0;99;0
5725526;208,378;2;0;1;1;2;0;0;99;0
5727026;208,43;1;0;0;0;1;0;0;99;0
5728526;208,489;0;0;8;0;0;0;0;99;0
5730526;208,568;0;0;7;4;5;0;0;99;0
5732026;208,623;4;0;6;3;4;0;0;99;0
5733526;208,674;3;0;5;2;3;0;0;99;0
5735026;208,728;2;0;4;1;2;0;0;99;0
5736548;208,782;1;0;3;0;1;0;0;99;0
5738048;208,836;0;0;2;5;0;0;0;99;0
5739548;208,896;0;0;1;4;6;0;0;99;0
5741048;208,952;0;0;0;3;5;4;0;99;0
5742548;209,009;4;0;0;2;4;3;0;99;0
5744048;209,061;3;0;0;1;3;2;0;99;0
5745548;209,112;2;0;0;0;2;1;0;99;0
5747048;209,164;1;0;4;0;1;0;0;99;0
5748548;209,219;0;0;3;4;0;0;0;99;0
5750048;209,277;0;0;2;3;7;0;0;99;0
5751548;209,334;0;0;1;2;6;4;0;99;0
5753072;209,392;0;0;0;1;5;3;0;99;0
5754572;209,447;0;0;5;0;4;2;0;99;0
5756072;209,503;0;0;4;5;3;1;0;99;0
5757572;209,558;0;0;3;4;2;0;0;99;0
5759072;209,617;4;0;2;3;1;0;0;99;0
5760572;209,67;3;0;1;2;0;0;0;99;0
5762072;209,723;2;0;0;1;0;4;0;99;0
5763572;209,779;1;0;6;0;0;3;0;99;0
5765072;209,835;0;0;5;6;0;2;0;99;0
5766572;209,888;0;0;4;5;4;1;0;99;0
5768072;209,94;0;0;3;4;3;0;0;99;0
5769588;209,992;0;4;2;3;2;0;0;99;0
5771088;210,041;0;3;1;2;1;0;0;99;0
5772588;210,091;0;2;0;1;0;0;0;99;0
5774088;210,142;0;1;7;0;0;0;0;99;0
5775588;210,196;0;0;6;7;0;0;0;99;0
5777088;210,248;0;0;5;6;4;0;0;99;0
5778588;210,305;4;0;4;5;3;0;0;99;0
5780088;210,358;3;0;3;4;2;0;0;99;0
5781588;210,41;2;0;2;3;1;0;0;99;0
5783088;210,463;1;0;1;2;0;0;0;99;0
5784588;210,516;0;0;0;1;0;4;0;99;0
5786104;210,578;0;0;8;0;0;3;0;99;0
5787604;210,638;4;0;7;0;0;2;0;99;0
5789104;210,692;3;0;6;4;0;1;0;99;0
5790604;210,745;2;0;5;3;0;0;0;99;0
5792104;210,799;1;0;4;2;0;5;0;99;0
5793604;210,852;0;0;3;1;0;4;0;99;0
5795104;210,911;5;0;2;0;0;3;0;99;0
5796604;210,964;4;0;1;5;0;2;0;99;0
5798104;211,016;3;0;0;4;0;1;0;99;0
5799604;211,069;2;0;8;3;0;0;0;99;0
5801104;211,123;1;0;7;2;4;0;0;99;0
5802635;211,179;0;0;6;1;3;0;0;99;0
5804135;211,235;6;0;5;0;2;0;0;99;0
5805635;211,292;5;0;4;6;1;0;0;99;0
5807135;211,345;4;0;3;5;0;0;0;99;0
5808635;211,403;3;0;2;4;5;0;0;99;0
5810135;211,457;2;0;1;3;4;0;0;99;0
5811635;211,513;1;0;0;2;3;0;0;99;0
5813135;211,568;0;0;8;1;2;0;0;99;0
5814635;211,624;7;0;7;0;1;0;0;99;0
5816135;211,679;6;0;6;0;0;0;0;99;4
5817635;211,732;5;0;5;4;0;0;0;99;3
5819151;211,786;4;0;4;3;0;0;0;99;2
5820651;211,839;3;0;3;2;0;0;0;99;1
5822151;211,89;2;0;2;1;0;0;0;99;0
5823651;211,945;1;0;1;0;0;0;0;99;5
5825151;211,998;0;0;0;5;0;0;0;99;4
5826651;212,058;0;0;8;4;0;0;0;99;3
5828151;212,113;0;0;7;3;4;0;0;99;2
5829651;212,166;0;0;6;2;3;0;0;99;1
5831151;212,221;0;0;5;1;2;0;0;99;0
5832651;212,276;4;0;4;0;1;0;0;99;0
5834151;212,332;3;0;3;6;0;0;0;99;0
5835682;212,387;2;0;2;5;0;0;4;99;0
5837182;212,44;1;0;1;4;0;0;3;99;0
5838682;212,49;0;0;0;3;0;0;2;99;0
5840182;212,545;0;0;8;2;0;0;1;99;0
5841682;212,602;0;0;7;1;4;0;0;99;0
5843182;212,657;0;0;6;0;3;4;0;99;0
5844682;212,713;0;0;5;7;2;3;0;99;0
5846182;212,768;0;0;4;6;1;2;0;99;0
5847682;212,825;0;0;3;5;0;1;0;99;0
5849182;212,882;4;0;2;4;0;0;0;99;0
5850682;212,938;3;0;1;3;0;5;0;99;0
5852206;212,992;2;0;0;2;0;4;0;99;0
5853706;213,045;1;0;8;1;0;3;0;99;0
5855206;213,097;0;0;7;0;0;2;0;99;0
5856706;213,154;0;0;6;8;0;1;0;99;0
5858206;213,211;0;0;5;7;4;0;0;99;0
5859706;213,267;0;0;4;6;3;6;0;99;0
5861206;213,321;0;0;3;5;2;5;0;99;0
5862706;213,377;0;0;2;4;1;4;0;99;0
5864206;213,43;0;0;1;3;0;3;0;99;0
5865706;213,487;0;0;0;2;5;2;0;99;0
5867206;213,542;0;0;8;1;4;1;0;99;0
5868731;213,599;0;0;7;0;3;0;0;99;0
5870231;213,657;0;0;6;8;2;0;0;99;0
5871731;213,71;0;0;5;7;1;4;0;99;0
5873231;213,762;0;0;4;6;0;3;0;99;0
5874731;213,815;0;0;3;5;6;2;0;99;0
5876231;213,866;0;0;2;4;5;1;0;99;0
5877731;213,921;0;0;1;3;4;0;0;99;0
5879231;213,98;0;0;0;2;3;5;0;99;0
5880731;214,034;0;0;8;1;2;4;0;99;0
5882231;214,089;0;0;7;0;1;3;0;99;0
5883731;214,144;0;0;6;8;0;2;0;99;0
5885254;214,201;0;0;5;7;0;1;4;99;0
5886754;214,254;0;0;4;6;0;0;3;99;0
5888254;214,308;0;0;3;5;4;0;2;99;0
5889754;214,36;0;0;2;4;3;0;1;99;0
5891254;214,414;0;0;1;3;2;0;0;99;0
5892754;214,469;4;0;0;2;1;0;0;99;0
5894254;214,524;3;0;8;1;0;0;0;99;0
5895754;214,579;2;0;7;0;5;0;0;99;0
5897254;214,635;1;0;6;8;4;0;0;99;0
5898754;214,688;0;0;5;7;3;0;0;99;0
5900254;214,745;0;0;4;6;2;4;0;99;0
5901779;214,801;0;0;3;5;1;3;0;99;0
5903279;214,854;0;0;2;4;0;2;0;99;0
5904779;214,912;4;0;1;3;0;1;0;99;0
5906279;214,965;3;0;0;2;0;0;0;99;0
5907779;215,024;2;0;8;1;0;0;0;99;0
5909279;215,078;1;0;7;0;0;4;0;99;0
5910779;215,132;0;0;6;8;0;3;0;99;0
5912279;215,187;0;0;5;7;4;2;0;99;0
5913779;215,243;0;0;4;6;3;1;0;99;0
5915279;215,299;0;0;3;5;2;0;0;99;0
5916779;215,355;0;0;2;4;1;5;0;99;0
5918297;215,411;0;0;1;3;0;4;0;99;0
5919797;215,467;0;0;0;2;5;3;0;99;0
5921297;215,524;0;0;8;1;4;2;0;99;0
5922797;215,582;0;0;7;0;3;1;0;99;0
5924297;215,637;0;0;6;8;2;0;0;99;0
5925797;215,693;0;0;5;7;1;6;0;99;0
5927297;215,747;0;0;4;6;0;5;0;99;0
5928797;215,804;4;0;3;5;0;4;0;99;0
5930297;215,86;3;0;2;4;0;3;0;99;0
5931797;215,917;2;0;1;3;0;2;0;99;0
5933297;215,97;1;0;0;2;0;1;0;99;0
5934818;216,025;0;0;8;1;0;0;0;99;0
5936318;216,085;0;0;7;0;4;0;0;99;0
5937818;216,143;0;0;6;8;3;0;0;99;0
5939318;216,197;4;0;5;7;2;0;0;99;0
5940818;216,247;3;0;4;6;1;0;0;99;0
5942318;216,299;2;0;3;5;0;0;0;99;0
5943818;216,352;1;0;2;4;5;0;0;99;0
5945318;216,404;0;0;1;3;4;0;0;99;0
5946818;216,463;0;0;0;2;3;4;0;99;0
5948318;216,521;0;0;8;1;2;3;0;99;0
5949818;216,577;0;0;7;0;1;2;0;99;0
5951337;216,632;0;0;6;8;0;1;0;99;0
5952837;216,689;4;0;5;7;0;0;0;99;0
5954337;216,744;3;4;4;6;0;0;0;99;0
5955837;216,796;2;3;3;5;0;0;0;99;0
5957337;216,85;1;2;2;4;0;0;0;99;0
5958837;216,901;0;1;1;3;0;0;0;99;0
5960337;216,957;0;0;0;2;4;0;0;99;0
5961837;217,014;0;0;8;1;3;0;0;99;0
5963337;217,07;4;0;7;0;2;0;0;99;0
5964837;217,125;3;0;6;8;1;0;0;99;0
5966337;217,177;2;0;5;7;0;0;0;99;0
5967865;217,234;1;4;4;6;0;0;0;99;0
5969365;217,286;0;3;3;5;0;0;0;99;0
5970865;217,343;0;2;2;4;0;4;0;99;0
5972365;217,397;0;1;1;3;0;3;0;99;0
5973865;217,449;0;0;0;2;0;2;0;99;0
5975365;217,509;0;0;8;1;0;1;0;99;0
5976865;217,564;4;0;7;0;0;0;0;99;0
5978365;217,623;3;0;6;8;0;0;0;99;0
5979865;217,679;2;0;5;7;4;0;0;99;0
5981365;217,732;1;0;4;6;3;0;0;99;0
5982865;217,786;0;0;3;5;2;0;0;99;0
5984386;217,842;0;0;2;4;1;0;0;99;4
5985886;217,895;0;0;1;3;0;0;0;99;3
5987386;217,95;0;0;0;2;5;0;0;99;2
5988886;218,008;0;0;8;1;4;0;0;99;1
5990386;218,061;0;0;7;0;3;0;0;99;0
5991886;218,117;0;0;6;8;2;0;0;99;0
5993386;218,173;4;0;5;7;1;0;0;99;0
5994886;218,225;3;0;4;6;0;0;0;99;0
5996386;218,279;2;0;3;5;0;4;0;99;0
5997886;218,332;1;0;2;4;0;3;0;99;0
5999386;218,386;0;0;1;3;0;2;0;99;0
6000907;218,442;0;0;0;2;0;1;0;99;4
6002407;218,497;0;0;8;1;0;0;0;99;3
6003907;218,555;0;0;7;0;4;0;0;99;2
6005407;218,611;0;0;6;8;3;0;0;99;1
6006907;218,666;0;0;5;7;2;0;0;99;0
6008407;218,721;0;0;4;6;1;4;0;99;0
6009907;218,776;0;0;3;5;0;3;0;99;0
6011407;218,832;0;0;2;4;5;2;0;99;0
6012907;218,887;0;0;1;3;4;1;0;99;0
6014407;218,945;0;0;0;2;3;0;0;99;0
6015907;219,002;0;0;8;1;2;0;0;99;0
6017427;219,058;0;0;7;0;1;0;0;99;4
6018927;219,113;0;0;6;0;0;4;0;99;3
6020427;219,167;0;0;5;4;0;3;0;99;2
6021927;219,221;0;0;4;3;0;2;0;99;1
6023427;219,273;0;0;3;2;0;1;0;99;0
6024927;219,33;4;0;2;1;0;0;0;99;0
6026427;219,385;3;0;1;0;4;0;0;99;0
6027927;219,439;2;0;0;5;3;0;0;99;0
6029427;219,494;1;0;8;4;2;0;0;99;0
6030927;219,546;0;0;7;3;1;0;0;99;0
6032427;219,602;5;0;6;2;0;0;0;99;0
6033955;219,658;4;0;5;1;5;0;0;99;0
6035455;219,711;3;0;4;0;4;0;0;99;0
6036955;219,765;2;0;3;6;3;0;0;99;0
6038455;219,819;1;0;2;5;2;0;0;99;0
6039955;219,871;0;0;1;4;1;0;0;99;0
6041455;219,926;6;0;0;3;0;0;0;99;0
6042955;219,987;5;0;8;2;0;0;0;99;0
6044455;220,043;4;0;7;1;0;4;0;99;0
6045955;220,097;3;0;6;0;0;3;0;99;0
6047455;220,152;2;0;5;7;0;2;0;99;0
6048955;220,204;1;0;4;6;0;1;0;99;0
6050484;220,261;0;0;3;5;0;0;0;99;0
6051984;220,32;0;0;2;4;4;0;0;99;0
6053484;220,376;4;0;1;3;3;0;0;99;0
6054984;220,428;3;0;0;2;2;0;0;99;0
6056484;220,482;2;0;0;1;1;4;0;99;0
6057984;220,536;1;0;0;0;0;3;0;99;0
6059484;220,593;0;0;4;0;0;2;0;99;0
6060984;220,652;0;0;3;0;4;1;0;99;0
6062484;220,707;0;0;2;4;3;0;0;99;0
6063984;220,763;4;0;1;3;2;0;0;99;0
6065484;220,816;3;0;0;2;1;0;0;99;0
6067006;220,876;2;0;5;1;0;0;0;99;0
6068506;220,93;1;0;4;0;5;0;0;99;0
6070006;220,985;0;4;3;0;4;0;0;99;0
6071506;221,038;0;3;2;4;3;0;0;99;0
6073006;221,09;0;2;1;3;2;0;0;99;0
6074506;221,146;0;1;0;2;1;0;0;99;0
6076006;221,202;0;0;6;1;0;0;0;99;0
6077506;221,262;0;0;5;0;6;0;0;99;0
6079006;221,317;0;0;4;5;5;0;0;99;0
6080506;221,372;4;0;3;4;4;0;0;99;0
6082006;221,426;3;0;2;3;3;0;0;99;0
6083526;221,483;2;0;1;2;2;0;0;99;0
6085026;221,537;1;0;0;1;1;0;0;99;0
6086526;221,592;0;0;7;0;0;0;0;99;0
6088526;221,67;0;0;6;6;7;0;0;99;0
6090026;221,726;4;0;5;5;6;0;0;99;0
6091526;221,78;3;0;4;4;5;0;0;99;0
6093026;221,833;2;0;3;3;4;0;0;99;0
6094526;221,887;1;0;2;2;3;0;0;99;0
6096026;221,941;0;0;1;1;2;0;0;99;0
6097526;221,995;5;0;0;0;1;0;0;99;0
6099026;222,051;4;0;8;0;0;0;0;99;0
6100548;222,109;3;4;7;0;0;0;0;99;0
6102048;222,161;2;3;6;4;0;0;0;99;0
6103548;222,213;1;2;5;3;0;0;0;99;0
6105048;222,265;0;1;4;2;0;0;0;99;0
6106548;222,322;6;0;3;1;0;0;0;99;0
6108048;222,377;5;0;2;0;4;0;0;99;0
6109548;222,432;4;0;1;5;3;0;0;99;0
6111048;222,485;3;0;0;4;2;0;0;99;0
6112548;222,537;2;0;8;3;1;0;0;99;0
6114048;222,591;1;0;7;2;0;0;0;99;0
6115548;222,647;0;0;6;1;5;0;0;99;0
6117066;222,708;0;0;5;0;4;0;4;99;0
6118566;222,761;0;0;4;6;3;0;3;99;0
6120066;222,813;0;0;3;5;2;0;2;99;0
6121566;222,865;0;0;2;4;1;0;1;99;0
6123066;222,915;0;0;1;3;0;0;0;99;0
6124566;222,975;0;0;0;2;6;0;0;99;0
6126066;223,032;0;0;8;1;5;0;0;99;0
6127566;223,089;0;0;7;0;4;4;0;99;0
6129066;223,145;4;0;6;0;3;3;0;99;0
6130566;223,197;3;0;5;0;2;2;0;99;0
6132066;223,252;2;0;4;0;1;1;0;99;0
6133588;223,306;1;0;3;0;0;0;0;99;0
6135088;223,365;0;0;2;4;0;0;0;99;0
6136588;223,423;0;0;1;3;4;0;0;99;0
6138088;223,479;0;0;0;2;3;4;0;99;0
6139588;223,534;0;0;8;1;2;3;0;99;0
6141088;223,589;0;0;7;0;1;2;0;99;0
6142588;223,646;0;0;6;5;0;1;0;99;0
6144088;223,704;0;0;5;4;5;0;0;99;0
6145588;223,76;4;0;4;3;4;0;0;99;0
6147088;223,812;3;0;3;2;3;0;0;99;0
6148588;223,864;2;0;2;1;2;0;0;99;0
6150113;223,921;1;0;1;0;1;0;0;99;0
6151613;223,976;0;0;0;6;0;0;0;99;0
6153613;224,057;0;0;0;5;6;4;0;99;0
6155113;224,111;0;0;4;4;5;3;0;99;0
6156613;224,165;0;0;3;3;4;2;0;99;0
6158113;224,218;0;0;2;2;3;1;0;99;0
6159613;224,274;0;0;1;1;2;0;0;99;0
6161113;224,329;0;0;0;0;1;5;0;99;0
6162613;224,389;0;0;0;7;0;4;0;99;0
6164113;224,446;0;0;4;6;0;3;0;99;0
6165613;224,502;0;0;3;5;4;2;0;99;0
6167139;224,561;0;0;2;4;3;1;0;99;0
6168639;224,615;0;0;1;3;2;0;0;99;0
6170139;224,676;0;0;0;2;1;6;0;99;0
6171639;224,731;0;0;5;1;0;5;0;99;0
6173139;224,788;0;0;4;0;5;4;0;99;0
6174639;224,846;0;0;3;8;4;3;0;99;0
6176139;224,901;0;0;2;7;3;2;0;99;0
6177639;224,958;0;0;1;6;2;1;0;99;0
6179139;225,011;0;0;0;5;1;0;0;99;0
6180639;225,068;0;0;6;4;0;0;0;99;0
6182139;225,127;4;0;5;3;0;0;0;99;0
6183659;225,182;3;0;4;2;4;0;0;99;0
6185159;225,236;2;0;3;1;3;0;0;99;0
6186659;225,288;1;0;2;0;2;0;0;99;0
6188159;225,344;0;0;1;8;1;0;0;99;0
6189659;225,399;0;0;0;7;0;4;0;99;0
6191159;225,459;0;0;7;6;0;3;0;99;0
6192659;225,515;0;0;6;5;4;2;0;99;0
6194159;225,569;0;0;5;4;3;1;0;99;0
6195659;225,624;0;0;4;3;2;0;0;99;0
6197159;225,681;4;0;3;2;1;0;0;99;0
6198659;225,736;3;0;2;1;0;0;0;99;0
6200178;225,794;2;4;1;0;0;0;0;99;0
6201678;225,85;1;3;0;0;4;0;0;99;0
6203178;225,904;0;2;8;0;3;0;0;99;0
6204678;225,959;0;1;7;4;2;0;0;99;0
6206178;226,014;0;0;6;3;1;0;0;99;0
6207678;226,071;4;0;5;2;0;0;0;99;0
6209178;226,129;3;4;4;1;0;0;0;99;0
6210678;226,182;2;3;3;0;0;0;0;99;0
6212178;226,235;1;2;2;0;4;0;0;99;0
6213678;226,287;0;1;1;0;3;0;0;99;0
6215178;226,341;0;0;0;4;2;0;0;99;0
6216698;226,402;0;0;8;3;1;0;0;99;0
6218198;226,459;4;0;7;2;0;0;0;99;0
6219698;226,517;3;0;6;1;0;0;0;99;4
6221198;226,57;2;0;5;0;0;0;0;99;3
6222698;226,626;1;0;4;0;4;0;0;99;2
6224198;226,676;0;0;3;0;3;0;0;99;1
6225698;226,731;0;0;2;4;2;0;0;99;0
6227198;226,788;4;0;1;3;1;0;0;99;0
6228698;226,842;3;0;0;2;0;0;0;99;0
6230198;226,902;2;0;8;1;0;0;0;99;0
6231698;226,957;1;0;7;0;4;0;0;99;0
6233220;227,014;0;0;6;0;3;0;4;99;0
6234720;227,071;0;0;5;4;2;0;3;99;0
6236220;227,124;0;0;4;3;1;0;2;99;0
6237720;227,178;0;0;3;2;0;0;1;99;0
6239220;227,233;0;0;2;1;0;4;0;99;0
6240720;227,288;4;0;1;0;0;3;0;99;0
6242220;227,343;3;0;0;5;0;2;0;99;0
6243720;227,396;2;0;8;4;0;1;0;99;0
6245220;227,45;1;0;7;3;0;0;0;99;0
6246720;227,503;0;0;6;2;0;5;0;99;0
6248220;227,56;0;0;5;1;4;4;0;99;0
6249742;227,617;0;0;4;0;3;3;0;99;0
6251242;227,673;0;0;3;6;2;2;0;99;0
6252742;227,729;0;0;2;5;1;1;0;99;0
6254242;227,783;0;0;1;4;0;0;0;99;0
6255742;227,842;4;0;0;3;0;0;0;99;0
6257242;227,898;3;0;8;2;0;0;0;99;0
6258742;227,954;2;4;7;1;0;0;0;99;0
6260242;228,007;1;3;6;0;0;0;0;99;0
6261742;228,062;0;2;5;0;4;0;0;99;0
6263242;228,117;0;1;4;4;3;0;0;99;0
6264742;228,169;0;0;3;3;2;0;0;99;0
6266258;228,226;4;0;2;2;1;0;0;99;0
6267758;228,278;3;0;1;1;0;0;0;99;0
6269258;228,333;2;4;0;0;0;0;0;99;0
6270758;228,39;1;3;0;5;0;0;0;99;0
6272258;228,444;0;2;0;4;0;0;0;99;4
6273758;228,498;0;1;0;3;4;0;0;99;3
6275258;228,549;0;0;0;2;3;0;0;99;2
6276758;228,603;4;0;0;1;2;0;0;99;1
6278258;228,653;3;0;0;0;1;0;0;99;0
6279758;228,709;2;0;4;0;0;0;0;99;0
6281258;228,767;1;0;3;4;0;0;0;99;0
6282784;228,822;0;0;2;3;0;0;4;99;0
6284284;228,877;0;0;1;2;4;0;3;99;0
6285784;228,929;0;0;0;1;3;0;2;99;0
6287284;228,986;0;0;5;0;2;0;1;99;0
6288784;229,042;0;0;4;5;1;0;0;99;0
6290284;229,097;0;0;3;4;0;4;0;99;0
6291784;229,151;0;0;2;3;5;3;0;99;0
6293284;229,205;0;0;1;2;4;2;0;99;0
6294784;229,263;0;0;0;1;3;1;0;99;0
6296284;229,319;0;0;6;0;2;0;0;99;0
6297784;229,378;0;0;5;0;1;5;0;99;0
6299302;229,434;0;0;4;0;0;4;0;99;4
6300802;229,487;0;0;3;4;0;3;0;99;3
6302302;229,543;0;0;2;3;0;2;0;99;2
6303802;229,596;0;0;1;2;0;1;0;99;1
6305302;229,65;0;0;0;1;0;0;0;99;0
6307302;229,73;4;0;7;0;0;0;0;99;0
6308802;229,789;3;4;6;0;0;0;0;99;0
6310302;229,844;2;3;5;4;0;0;0;99;0
6311802;229,898;1;2;4;3;0;0;0;99;0
6313302;229,953;0;1;3;2;0;0;0;99;0
6314802;230,009;5;0;2;1;0;0;0;99;0
6316319;230,069;4;0;1;0;4;0;0;99;0
6317819;230,124;3;0;0;5;3;0;0;99;0
6319319;230,18;2;4;0;4;2;0;0;99;0
6320819;230,234;1;3;0;3;1;0;0;99;0
6322319;230,29;0;2;0;2;0;0;0;99;0
6323819;230,347;0;1;4;1;0;0;0;99;0
6325319;230,401;0;0;3;0;4;0;0;99;0
6326819;230,46;0;0;2;6;3;0;0;99;0
6328319;230,516;0;0;1;5;2;4;0;99;0
6329819;230,573;0;0;0;4;1;3;0;99;0
6331319;230,627;0;0;5;3;0;2;0;99;0
6332836;230,684;0;0;4;2;0;1;0;99;4
6334336;230,741;0;0;3;1;0;0;0;99;3
6335836;230,796;0;0;2;0;4;0;0;99;2
6337336;230,852;0;0;1;7;3;0;0;99;1
6338836;230,907;0;0;0;6;2;0;0;99;0
6340336;230,966;0;0;6;5;1;0;0;99;0
6341836;231,023;0;0;5;4;0;4;0;99;0
6343336;231,078;0;0;4;3;5;3;0;99;0
6344836;231,135;0;0;3;2;4;2;0;99;0
6346336;231,19;0;0;2;1;3;1;0;99;0
6347836;231,251;0;0;1;0;2;0;0;99;0
6349358;231,311;0;0;0;0;1;0;0;99;4
6350858;231,368;0;0;0;4;0;0;0;99;3
6352358;231,426;0;0;4;3;0;0;0;99;2
6353858;231,482;0;0;3;2;4;0;0;99;1
6355358;231,538;0;0;2;1;3;0;0;99;0
6356858;231,594;0;0;1;0;2;4;0;99;0
6358358;231,65;4;0;0;0;1;3;0;99;0
6359858;231,704;3;0;0;4;0;2;0;99;0
6361358;231,762;2;0;0;3;5;1;0;99;0
6362858;231,815;1;0;0;2;4;0;0;99;0
6364358;231,871;0;0;4;1;3;0;0;99;0
6365877;231,93;0;4;3;0;2;0;0;99;0
6367377;231,984;0;3;2;5;1;0;0;99;0
6368877;232,038;0;2;1;4;0;0;0;99;0
6370377;232,098;0;1;0;3;6;0;0;99;0
6371877;232,153;0;0;5;2;5;0;0;99;0
6373377;232,21;0;0;4;1;4;4;0;99;0
6374877;232,265;0;0;3;0;3;3;0;99;0
6376377;232,323;4;0;2;0;2;2;0;99;0
6377877;232,375;3;0;1;0;1;1;0;99;0
6379377;232,429;2;0;0;0;0;0;0;99;0
6381377;232,508;1;0;0;4;7;0;0;99;0
6382902;232,564;0;4;0;3;6;0;0;99;0
6384402;232,62;0;3;4;2;5;0;0;99;0
6385902;232,674;0;2;3;1;4;0;0;99;0
6387402;232,728;0;1;2;0;3;0;0;99;0
6388902;232,786;4;0;1;0;2;0;0;99;0
6390402;232,842;3;0;0;4;1;0;0;99;0
6391902;232,9;2;0;5;3;0;0;0;99;0
6393402;232,955;1;0;4;2;0;4;0;99;0
6394902;233,009;0;0;3;1;0;3;0;99;0
6396402;233,067;0;0;2;0;4;2;0;99;0
6397902;233,121;0;0;1;5;3;1;0;99;0
6399418;233,179;0;0;0;4;2;0;0;99;0
6400918;233,236;0;0;6;3;1;0;0;99;0
6402418;233,292;4;0;5;2;0;0;0;99;0
6403918;233,349;3;0;4;1;5;0;0;99;0
6405418;233,402;2;0;3;0;4;0;0;99;0
6406918;233,458;1;0;2;6;3;0;0;99;0
6408418;233,511;0;0;1;5;2;0;0;99;0
6409918;233,569;5;0;0;4;1;0;0;99;0
6411418;233,624;4;0;7;3;0;0;0;99;0
6412918;233,681;3;0;6;2;6;0;0;99;0
6414418;233,733;2;0;5;1;5;0;0;99;0
6415937;233,786;1;0;4;0;4;0;0;99;0
6417437;233,843;0;0;3;7;3;0;0;99;0
6418937;233,899;6;0;2;6;2;0;0;99;0
6420437;233,953;5;0;1;5;1;0;0;99;0
6421937;234,006;4;0;0;4;0;0;0;99;0
6423437;234,064;3;4;0;3;0;0;0;99;0
6424937;234,121;2;3;0;2;4;0;0;99;0
6426437;234,173;1;2;0;1;3;0;0;99;0
6427937;234,227;0;1;0;0;2;0;0;99;0
6429437;234,284;0;0;4;0;1;0;0;99;0
6430937;234,341;0;0;3;4;0;0;0;99;0
6432456;234,402;4;0;2;3;0;0;0;99;0
6433956;234,458;3;0;1;2;4;0;0;99;0
6435456;234,514;2;0;0;1;3;0;0;99;0
6436956;234,57;1;0;5;0;2;0;0;99;0
6438456;234,628;0;0;4;5;1;0;0;99;0
6439956;234,682;5;0;3;4;0;0;0;99;0
6441456;234,736;4;0;2;3;5;0;0;99;0
6442956;234,79;3;0;1;2;4;0;0;99;0
6444456;234,843;2;0;0;1;3;0;0;99;0
6445956;234,901;1;0;6;0;2;0;0;99;0
6447456;234,956;0;0;5;6;1;0;0;99;0
6448977;235,013;0;4;4;5;0;0;0;99;0
6450477;235,068;0;3;3;4;0;4;0;99;0
6451977;235,122;0;2;2;3;0;3;0;99;0
6453477;235,174;0;1;1;2;0;2;0;99;0
6454977;235,229;0;0;0;1;0;1;0;99;0
6456477;235,289;0;0;7;0;0;0;0;99;0
6458477;235,369;0;0;6;7;0;5;0;99;0
6459977;235,426;4;0;5;6;0;4;0;99;0
6461477;235,478;3;0;4;5;0;3;0;99;0
6462977;235,534;2;0;3;4;0;2;0;99;0
6464477;235,589;1;0;2;3;0;1;0;99;0
6465999;235,643;0;0;1;2;0;0;0;99;0
6467499;235,701;0;0;0;1;4;0;0;99;0
6468999;235,758;0;0;8;0;3;0;0;99;0
6470499;235,816;0;0;7;8;2;0;0;99;0
6471999;235,872;0;0;6;7;1;4;0;99;0
6473499;235,929;0;0;5;6;0;3;0;99;0
6474999;235,986;0;0;4;5;5;2;0;99;0
6476499;236,041;0;0;3;4;4;1;0;99;0
6477999;236,097;0;0;2;3;3;0;0;99;0
6479499;236,152;4;0;1;2;2;0;0;99;0
6480999;236,208;3;0;0;1;1;0;0;99;0
6482523;236,265;2;4;0;0;0;0;0;99;0
6484023;236,322;1;3;4;0;0;0;0;99;0
6485523;236,377;0;2;3;4;0;0;0;99;0
6487023;236,432;0;1;2;3;4;0;0;99;0
6488523;236,487;0;0;1;2;3;0;0;99;0
6490023;236,543;4;0;0;1;2;0;0;99;0
6491523;236,6;3;0;5;0;1;0;0;99;0
6493023;236,654;2;0;4;5;0;0;0;99;0
6494523;236,709;1;0;3;4;5;0;0;99;0
6496023;236,764;0;0;2;3;4;0;0;99;0
6497523;236,818;0;0;1;2;3;4;0;99;0
6499048;236,877;0;0;0;1;2;3;0;99;0
6500548;236,933;0;0;6;0;1;2;0;99;0
6502048;236,99;0;0;5;6;0;1;0;99;0
6503548;237,045;4;0;4;5;0;0;0;99;0
6505048;237,101;3;0;3;4;0;5;0;99;0
6506548;237,154;2;0;2;3;0;4;0;99;0
6508048;237,206;1;0;1;2;0;3;0;99;0
6509548;237,261;0;0;0;1;0;2;0;99;0
6511048;237,318;0;0;7;0;0;1;0;99;0
6512548;237,376;4;0;6;0;0;0;0;99;0
6514048;237,432;3;0;5;0;4;0;0;99;0
6515563;237,487;2;0;4;4;3;0;0;99;0
6517063;237,54;1;0;3;3;2;0;0;99;0
6518563;237,593;0;0;2;2;1;0;0;99;0
6520063;237,648;5;0;1;1;0;0;0;99;0
6521563;237,701;4;4;0;0;0;0;0;99;0
6523063;237,76;3;3;0;5;0;0;0;99;0
6524563;237,815;2;2;4;4;0;0;0;99;0
6526063;237,868;1;1;3;3;0;0;0;99;0
6527563;237,921;0;0;2;2;0;0;0;99;0
6529063;237,979;6;0;1;1;0;0;0;99;0
6530563;238,035;5;0;0;0;4;0;0;99;0
6532080;238,095;4;0;5;0;3;0;0;99;0
6533580;238,152;3;0;4;0;2;0;0;99;4
6535080;238,204;2;0;3;0;1;0;0;99;3
6536580;238,256;1;0;2;0;0;0;0;99;2
6538080;238,313;0;0;1;0;5;0;0;99;1
6539580;238,369;0;0;0;4;4;0;0;99;0
6541080;238,427;0;0;0;3;3;4;0;99;0
6542580;238,482;0;0;4;2;2;3;0;99;0
6544080;238,537;0;0;3;1;1;2;0;99;0
6545580;238,592;0;0;2;0;0;1;0;99;0
6547080;238,652;0;0;1;0;6;0;0;99;0
6548603;238,711;0;0;0;0;5;5;0;99;0
6550103;238,77;0;0;5;0;4;4;0;99;0
6551603;238,826;0;0;4;4;3;3;0;99;0
6553103;238,88;0;0;3;3;2;2;0;99;0
6554603;238,937;0;0;2;2;1;1;0;99;0
6556103;238,992;0;0;1;1;0;0;0;99;0
6557603;239,052;0;0;0;0;7;0;0;99;0
6559603;239,131;0;0;6;5;6;0;0;99;0
6561103;239,187;0;0;5;4;5;4;0;99;0
6562603;239,242;0;0;4;3;4;3;0;99;0
6564103;239,299;0;0;3;2;3;2;0;99;0
6565617;239,358;0;0;2;1;2;1;0;99;0
6567117;239,414;0;0;1;0;1;0;0;99;0
6568617;239,472;4;0;0;0;0;0;0;99;0
6570617;239,55;3;0;7;4;0;0;0;99;0
6572117;239,608;2;4;6;3;0;0;0;99;0
6573617;239,659;1;3;5;2;0;0;0;99;0
6575117;239,713;0;2;4;1;0;0;0;99;0
6576617;239,769;0;1;3;0;4;0;0;99;0
6578117;239,824;0;0;2;5;3;0;0;99;0
6579617;239,88;4;0;1;4;2;0;0;99;0
6581117;239,933;3;0;0;3;1;0;0;99;0
6582641;239,991;2;0;0;2;0;0;0;99;4
6584141;240,044;1;0;0;1;5;0;0;99;3
6585641;240,095;0;0;0;0;4;0;0;99;2
6587141;240,152;0;0;4;0;3;0;0;99;1
6588641;240,205;0;0;3;4;2;0;0;99;0
6590141;240,264;4;0;2;3;1;0;0;99;0
6591641;240,317;3;0;1;2;0;0;0;99;0
6593141;240,372;2;0;0;1;6;0;0;99;0
6594641;240,426;1;0;5;0;5;0;0;99;0
6596141;240,477;0;0;4;5;4;0;0;99;0
6597641;240,533;5;0;3;4;3;0;0;99;0
6599167;240,589;4;0;2;3;2;0;0;99;0
6600667;240,645;3;0;1;2;1;0;0;99;0
6602167;240,698;2;0;0;1;0;0;0;99;0
6603667;240,754;1;0;6;0;0;0;0;99;0
6605167;240,812;0;0;5;6;0;0;0;99;0
6606667;240,87;0;0;4;5;4;0;0;99;0
6608167;240,928;0;4;3;4;3;0;0;99;0
6609667;240,981;0;3;2;3;2;0;0;99;0
6611167;241,036;0;2;1;2;1;0;0;99;0
6612667;241,087;0;1;0;1;0;0;0;99;0
6614167;241,146;0;0;0;0;5;0;0;99;0
6616196;241,23;0;0;4;7;4;0;0;99;0
6617696;241,287;4;0;3;6;3;0;0;99;0
6619196;241,341;3;0;2;5;2;0;0;99;0
6620696;241,394;2;0;1;4;1;0;0;99;0
6622196;241,448;1;0;0;3;0;0;0;99;0
6623696;241,505;0;0;5;2;0;0;0;99;0
6625196;241,564;0;0;4;1;4;0;0;99;0
6626696;241,619;4;0;3;0;3;0;0;99;0
6628196;241,672;3;0;2;8;2;0;0;99;0
6629696;241,726;2;0;1;7;1;0;0;99;0
6631196;241,777;1;0;0;6;0;0;0;99;0
6632717;241,838;0;0;0;5;0;0;0;99;4
6634217;241,896;0;0;4;4;0;0;0;99;3
6635717;241,954;4;0;3;3;0;0;0;99;2
6637217;242,004;3;0;2;2;0;0;0;99;1
6638717;242,056;2;0;1;1;0;0;0;99;0
6640217;242,111;1;0;0;0;0;4;0;99;0
6641717;242,168;0;0;5;0;0;3;0;99;0
6643217;242,227;0;0;4;4;0;2;0;99;0
6644717;242,284;4;0;3;3;0;1;0;99;0
6646217;242,34;3;0;2;2;0;0;0;99;0
6647717;242,396;2;0;1;1;0;5;0;99;0
6649244;242,452;1;0;0;0;0;4;0;99;0
6650744;242,511;0;0;0;5;0;3;0;99;0
6652244;242,57;0;0;4;4;0;2;0;99;0
6653744;242,627;0;0;3;3;4;1;0;99;0
6655244;242,679;0;0;2;2;3;0;0;99;0
6656744;242,735;0;0;1;1;2;6;0;99;0
6658244;242,791;0;0;0;0;1;5;0;99;0
6659744;242,849;0;0;5;0;0;4;0;99;0
6661244;242,91;0;0;4;0;5;3;0;99;0
6662744;242,955;0;0;3;4;4;2;0;99;0
6664244;243,01;0;0;2;3;3;1;0;99;0
6665770;243,066;0;0;1;2;2;0;0;99;0
6667270;243,124;4;0;0;1;1;0;0;99;0
6668770;243,178;3;0;6;0;0;0;0;99;0
6670270;243,234;2;0;5;5;0;0;0;99;0
6671770;243,289;1;0;4;4;4;0;0;99;0
6673270;243,341;0;0;3;3;3;0;0;99;0
6674770;243,396;5;0;2;2;2;0;0;99;0
6676270;243,452;4;0;1;1;1;0;0;99;0
6677770;243,505;3;0;0;0;0;0;0;99;0
6679770;243,581;2;0;7;6;0;0;0;99;0
6681270;243,635;1;0;6;5;4;0;0;99;0
6682794;243,689;0;0;5;4;3;0;0;99;0
6684294;243,745;6;0;4;3;2;0;0;99;0
6685794;243,8;5;0;3;2;1;0;0;99;0
6687294;243,853;4;0;2;1;0;0;0;99;0
6688794;243,909;3;0;1;0;0;4;0;99;0
6690294;243,967;2;0;0;0;0;3;0;99;4
6691794;244,022;1;0;0;4;0;2;0;99;3
6693294;244,074;0;0;0;3;0;1;0;99;2
6694794;244,128;7;0;0;2;0;0;0;99;1
6696294;244,181;6;4;0;1;0;0;0;99;0
6697794;244,236;5;3;0;0;0;0;0;99;5
6699321;244,292;4;2;4;0;0;0;0;99;4
6700821;244,344;3;1;3;0;0;0;0;99;3
6702321;244,395;2;0;2;0;0;0;0;99;2
6703821;244,452;1;0;1;4;0;0;0;99;1
6705321;244,505;0;0;0;3;0;0;0;99;0
6707321;244,588;0;0;5;2;0;0;0;99;6
6708821;244,643;0;0;4;1;4;0;0;99;5
6710321;244,696;0;0;3;0;3;0;0;99;4
6711821;244,75;0;0;2;5;2;0;0;99;3
6713321;244,801;0;0;1;4;1;0;0;99;2
6714821;244,855;0;0;0;3;0;0;0;99;1
6716341;244,913;0;0;6;2;0;0;0;99;0
6717841;244,974;4;0;5;1;0;0;0;99;0
6719341;245,03;3;0;4;0;0;0;0;99;4
6720841;245,084;2;0;3;6;0;0;0;99;3
6722341;245,138;1;0;2;5;0;0;0;99;2
6723841;245,189;0;0;1;4;0;0;0;99;1
6725341;245,245;0;0;0;3;0;4;0;99;0
6726841;245,302;0;0;7;2;0;3;0;99;0
6728341;245,359;0;0;6;1;4;2;0;99;0
6729841;245,414;0;0;5;0;3;1;0;99;0
6731341;245,469;0;0;4;7;2;0;0;99;0
6732862;245,527;0;0;3;6;1;0;0;99;4
6734362;245,58;0;0;2;5;0;0;0;99;3
6735862;245,637;0;0;1;4;0;4;0;99;2
6737362;245,69;0;0;0;3;0;3;0;99;1
6738862;245,746;0;0;8;2;0;2;0;99;0
6740362;245,801;0;0;7;1;4;1;0;99;0
6741862;245,855;0;0;6;0;3;0;0;99;0
6743362;245,914;0;0;5;8;2;0;0;99;0
6744862;245,971;0;0;4;7;1;4;0;99;0
6746362;246,029;0;0;3;6;0;3;0;99;0
6747862;246,083;0;0;2;5;5;2;0;99;0
6749383;246,14;0;0;1;4;4;1;0;99;0
6750883;246,195;0;0;0;3;3;0;0;99;0
6752383;246,253;0;0;8;2;2;0;0;99;0
6753883;246,31;4;0;7;1;1;0;0;99;0
6755383;246,363;3;0;6;0;0;0;0;99;0
6756883;246,421;2;4;5;0;0;0;0;99;0
6758383;246,476;1;3;4;0;0;0;0;99;4
6759883;246,528;0;2;3;0;0;0;0;99;3
6761383;246,585;0;1;2;4;0;0;0;99;2
6762883;246,638;0;0;1;3;0;0;0;99;1
6764383;246,694;0;0;0;2;4;0;0;99;0
6765906;246,753;0;0;8;1;3;0;0;99;0
6767406;246,811;0;0;7;0;2;4;0;99;0
6768906;246,867;0;0;6;5;1;3;0;99;0
6770406;246,923;0;0;5;4;0;2;0;99;0
6771906;246,979;0;0;4;3;5;1;0;99;0
6773406;247,033;0;0;3;2;4;0;0;99;0
6774906;247,092;0;0;2;1;3;5;0;99;0
6776406;247,147;0;0;1;0;2;4;0;99;0
6777906;247,204;4;0;0;0;1;3;0;99;0
6779406;247,257;3;0;8;0;0;2;0;99;0
6780906;247,311;2;0;7;4;0;1;0;99;0
6782429;247,366;1;0;6;3;0;0;0;99;0
6783929;247,421;0;0;5;2;4;0;0;99;0
6785429;247,477;5;0;4;1;3;0;0;99;0
6786929;247,528;4;0;3;0;2;0;0;99;0
6788429;247,583;3;4;2;0;1;0;0;99;0
6789929;247,635;2;3;1;0;0;0;0;99;0
6791429;247,691;1;2;0;0;0;0;0;99;4
6792929;247,746;0;1;8;0;0;0;0;99;3
6794429;247,801;0;0;7;4;0;0;0;99;2
6795929;247,856;4;0;6;3;0;0;0;99;1
6797429;247,905;3;0;5;2;0;0;0;99;0
6798951;247,961;2;0;4;1;0;0;4;99;0
6800451;248,012;1;0;3;0;0;0;3;99;0
6801951;248,065;0;0;2;5;0;0;2;99;0
6803451;248,122;5;0;1;4;0;0;1;99;0
6804951;248,176;4;0;0;3;0;0;0;99;0
6806451;248,234;3;0;8;2;0;0;0;99;0
6807951;248,291;2;0;7;1;4;0;0;99;0
6809451;248,343;1;0;6;0;3;0;0;99;0
6810951;248,402;0;0;5;0;2;4;0;99;0
6812451;248,458;0;0;4;4;1;3;0;99;0
6813951;248,515;0;0;3;3;0;2;0;99;0
6815478;248,568;0;4;2;2;0;1;0;99;0
6816978;248,618;0;3;1;1;0;0;0;99;0
6818478;248,669;0;2;0;0;4;0;0;99;0
6819978;248,724;0;1;0;5;3;0;0;99;0
6821478;248,776;0;0;4;4;2;0;0;99;0
6822978;248,83;0;0;3;3;1;4;0;99;0
6824478;248,883;0;0;2;2;0;3;0;99;0
6825978;248,934;0;0;1;1;5;2;0;99;0
6827478;248,987;0;0;0;0;4;1;0;99;0
6828978;249,043;0;0;0;6;3;0;0;99;0
6830478;249,103;0;0;4;5;2;0;0;99;0
6832000;249,161;0;0;3;4;1;0;4;99;0
6833500;249,212;0;0;2;3;0;0;3;99;0
6835000;249,266;0;0;1;2;6;0;2;99;0
6836500;249,319;0;0;0;1;5;0;1;99;0
6838000;249,376;0;0;5;0;4;0;0;99;0
6839500;249,435;0;0;4;7;3;0;0;99;0
6841000;249,492;0;0;3;6;2;4;0;99;0
6842500;249,546;0;0;2;5;1;3;0;99;0
6844000;249,602;0;0;1;4;0;2;0;99;0
6845500;249,657;0;0;0;3;7;1;0;99;0
6847000;249,715;4;0;0;2;6;0;0;99;0
6848519;249,773;3;0;4;1;5;0;0;99;0
6850019;249,827;2;0;3;0;4;0;0;99;0
6851519;249,884;1;0;2;8;3;0;0;99;0
6853019;249,936;0;0;1;7;2;0;0;99;0
6854519;249,993;5;0;0;6;1;0;0;99;0
6856019;250,049;4;0;5;5;0;0;0;99;0
6857519;250,108;3;0;4;4;8;0;0;99;0
6859019;250,162;2;0;3;3;7;0;0;99;0
6860519;250,217;1;0;2;2;6;0;0;99;0
6862019;250,271;0;0;1;1;5;0;0;99;0
6863519;250,328;0;0;0;0;4;4;0;99;0
6865032;250,387;0;0;6;0;3;3;0;99;0
6866532;250,442;0;0;5;4;2;2;0;99;0
6868032;250,498;0;0;4;3;1;1;0;99;0
6869532;250,552;0;0;3;2;0;0;0;99;0
6871032;250,61;0;0;2;1;8;0;0;99;0
6872532;250,667;0;0;1;0;7;4;0;99;0
6874032;250,723;0;0;0;5;6;3;0;99;0
6875532;250,78;0;0;7;4;5;2;0;99;0
6877032;250,837;0;0;6;3;4;1;0;99;0
6878532;250,894;0;0;5;2;3;0;0;99;0
6880032;250,951;0;0;4;1;2;5;0;99;0
6881554;251,007;0;0;3;0;1;4;0;99;0
6883054;251,063;0;0;2;6;0;3;0;99;0
6884554;251,12;0;0;1;5;8;2;0;99;0
6886054;251,176;0;0;0;4;7;1;0;99;0
6887554;251,232;0;0;8;3;6;0;0;99;0
6889054;251,29;0;0;7;2;5;6;0;99;0
6890554;251,345;0;0;6;1;4;5;0;99;0
6892054;251,4;0;0;5;0;3;4;0;99;0
6893554;251,455;0;0;4;7;2;3;0;99;0
6895054;251,51;0;0;3;6;1;2;0;99;0
6896554;251,567;0;0;2;5;0;1;0;99;0
6898073;251,625;4;0;1;4;0;0;0;99;0
6899573;251,682;3;0;0;3;4;0;0;99;0
6901073;251,736;2;0;8;2;3;0;0;99;0
6902573;251,789;1;0;7;1;2;0;0;99;0
6904073;251,844;0;0;6;0;1;0;0;99;0
6905573;251,902;0;0;5;8;0;0;0;99;0
6907073;251,962;4;0;4;7;0;0;0;99;0
6908573;252,016;3;0;3;6;4;0;0;99;0
6910073;252,069;2;0;2;5;3;0;0;99;0
6911573;252,124;1;0;1;4;2;0;0;99;0
6913073;252,176;0;0;0;3;1;0;0;99;0
6914599;252,239;0;0;0;2;0;0;0;99;4
6916099;252,297;0;0;4;1;0;0;0;99;3
6917599;252,354;0;0;3;0;4;0;0;99;2
6919099;252,41;0;0;2;8;3;0;0;99;1
6920599;252,463;0;0;1;7;2;0;0;99;0
6922099;252,52;4;0;0;6;1;0;0;99;0
6923599;252,574;3;0;5;5;0;0;0;99;0
6925099;252,63;2;4;4;4;0;0;0;99;0
6926599;252,682;1;3;3;3;0;0;0;99;0
6928099;252,736;0;2;2;2;0;0;0;99;0
6929599;252,791;0;1;1;1;4;0;0;99;0
6931120;252,846;0;0;0;0;3;0;0;99;0
6933120;252,929;0;0;6;8;2;0;0;99;0
6934620;252,984;0;4;5;7;1;0;0;99;0
6936120;253,038;0;3;4;6;0;0;0;99;0
6937620;253,093;0;2;3;5;5;0;0;99;0
6939120;253,149;0;1;2;4;4;0;0;99;0
6940620;253,204;0;0;1;3;3;0;0;99;0
6942120;253,261;4;0;0;2;2;0;0;99;0
6943620;253,319;3;0;7;1;1;0;0;99;0
6945120;253,371;2;0;6;0;0;0;0;99;0
6946620;253,43;1;0;5;8;0;0;0;99;0
6948141;253,487;0;4;4;7;0;0;0;99;0
6949641;253,545;0;3;3;6;0;4;0;99;0
6951141;253,6;0;2;2;5;0;3;0;99;0
6952641;253,653;0;1;1;4;0;2;0;99;0
6954141;253,707;0;0;0;3;0;1;0;99;0
6955641;253,764;0;0;8;2;0;0;0;99;0
6957141;253,824;0;0;7;1;0;5;0;99;0
6958641;253,881;0;0;6;0;4;4;0;99;0
6960141;253,939;0;0;5;8;3;3;0;99;0
6961641;253,995;0;0;4;7;2;2;0;99;0
6963141;254,051;0;0;3;6;1;1;0;99;0
6964663;254,107;0;0;2;5;0;0;0;99;0
6966163;254,166;0;0;1;4;5;0;0;99;0
6967663;254,221;0;0;0;3;4;4;0;99;0
6969163;254,277;0;0;8;2;3;3;0;99;0
6970663;254,334;0;0;7;1;2;2;0;99;0
6972163;254,391;0;0;6;0;1;1;0;99;0
6973663;254,448;0;0;5;8;0;0;0;99;0
6975163;254,506;0;0;4;7;6;0;0;99;0
6976663;254,562;4;0;3;6;5;0;0;99;0
6978163;254,615;3;0;2;5;4;0;0;99;0
6979663;254,669;2;0;1;4;3;0;0;99;0
6981186;254,727;1;0;0;3;2;0;0;99;0
6982686;254,782;0;0;8;2;1;0;0;99;0
6984186;254,84;5;0;7;1;0;0;0;99;0
6985686;254,895;4;0;6;0;0;4;0;99;0
6987186;254,955;3;0;5;8;0;3;0;99;0
6988686;255,009;2;0;4;7;0;2;0;99;0
6990186;255,066;1;0;3;6;0;1;0;99;0
6991686;255,122;0;0;2;5;0;0;0;99;0
6993186;255,179;0;0;1;4;4;0;0;99;0
6994686;255,236;4;0;0;3;3;0;0;99;0
6996186;255,29;3;0;0;2;2;0;0;99;4
6997713;255,346;2;0;0;1;1;0;0;99;3
6999213;255,397;1;0;0;0;0;0;0;99;2
7000713;255,453;0;4;0;0;0;0;0;99;1
7002213;255,511;0;3;0;4;0;0;0;99;0
7003713;255,568;0;2;4;3;0;0;0;99;0
7005213;255,626;4;1;3;2;0;0;0;99;0
7006713;255,676;3;0;2;1;0;0;0;99;0
7008213;255,732;2;0;1;0;0;0;0;99;4
7009713;255,791;1;0;0;0;0;4;0;99;3
7011213;255,845;0;0;5;0;0;3;0;99;2
7012713;255,901;0;0;4;4;0;2;0;99;1
7014247;255,955;0;0;3;3;0;1;0;99;0
7015747;256,012;4;0;2;2;0;0;0;99;0
7017247;256,065;3;0;1;1;4;0;0;99;0
7018747;256,119;2;0;0;0;3;0;0;99;0
7020247;256,175;1;0;6;0;2;0;0;99;0
7021747;256,228;0;0;5;4;1;0;0;99;0
7023247;256,285;0;0;4;3;0;4;0;99;0
7024747;256,341;0;0;3;2;5;3;0;99;0
7026247;256,4;0;0;2;1;4;2;0;99;0
7027747;256,457;0;0;1;0;3;1;0;99;0
7029247;256,514;0;0;0;5;2;0;0;99;0
7030762;256,573;0;0;7;4;1;0;0;99;0
7032262;256,629;0;4;6;3;0;0;0;99;0
7033762;256,686;4;3;5;2;0;0;0;99;0
7035262;256,74;3;2;4;1;0;0;0;99;0
7036762;256,793;2;1;3;0;0;0;0;99;0
7038262;256,85;1;0;2;0;4;0;0;99;0
7039762;256,903;0;5;1;0;3;0;0;99;0
7041262;256,96;0;4;0;4;2;0;0;99;0
7042762;257,014;0;3;8;3;1;0;0;99;0
7044262;257,07;0;2;7;2;0;0;0;99;0
7045762;257,124;0;1;6;1;5;0;0;99;0
7047283;257,177;0;0;5;0;4;0;0;99;0
7048783;257,236;0;0;4;5;3;0;0;99;0
7050283;257,291;4;0;3;4;2;0;0;99;0
7051783;257,346;3;0;2;3;1;0;0;99;0
7053283;257,4;2;0;1;2;0;0;0;99;0
7054783;257,457;1;4;0;1;0;0;0;99;0
7056283;257,511;0;3;0;0;0;0;0;99;4
7057783;257,566;0;2;4;0;0;0;0;99;3
7059283;257,62;0;1;3;4;0;0;0;99;2
7060783;257,675;0;0;2;3;0;0;0;99;1
7062283;257,731;0;0;1;2;4;0;0;99;0
7063810;257,789;0;4;0;1;3;0;0;99;0
7065310;257,843;0;3;5;0;2;0;0;99;0
7066810;257,897;0;2;4;5;1;0;0;99;0
7068310;257,95;0;1;3;4;0;0;0;99;0
7069810;258,008;0;0;2;3;5;0;0;99;0
7071310;258,063;0;5;1;2;4;0;0;99;0
7072810;258,116;0;4;0;1;3;0;0;99;0
7074310;258,172;0;3;6;0;2;0;0;99;0
7075810;258,226;0;2;5;6;1;0;0;99;0
7077310;258,281;0;1;4;5;0;0;0;99;0
7078810;258,336;0;0;3;4;6;0;0;99;0
7080332;258,393;0;0;2;3;5;4;0;99;0
7081832;258,451;0;0;1;2;4;3;0;99;0
7083332;258,507;0;0;0;1;3;2;0;99;0
7084832;258,564;0;0;7;0;2;1;0;99;0
7086332;258,62;0;0;6;7;1;0;0;99;0
7087832;258,675;0;0;5;6;0;5;0;99;0
7089332;258,731;0;0;4;5;7;4;0;99;0
7090832;258,785;0;0;3;4;6;3;0;99;0
7092332;258,841;0;0;2;3;5;2;0;99;0
7093832;258,898;0;0;1;2;4;1;0;99;0
7095332;258,953;0;0;0;1;3;0;0;99;0
7096857;259,013;0;0;0;0;2;0;4;99;0
7098357;259,07;0;0;4;0;1;0;3;99;0
7099857;259,123;0;0;3;4;0;0;2;99;0
7101357;259,18;4;0;2;3;0;0;1;99;0
7102857;259,231;3;0;1;2;0;0;0;99;0
7104357;259,286;2;4;0;1;0;0;0;99;0
7105857;259,341;1;3;0;0;0;0;0;99;4
7107357;259,396;0;2;0;0;0;4;0;99;3
7108857;259,449;0;1;0;4;0;3;0;99;2
7110357;259,5;0;0;0;3;0;2;0;99;1
7111857;259,554;4;0;0;2;0;1;0;99;0
7113372;259,61;3;0;4;1;0;0;0;99;0
7114872;259,667;2;0;3;0;4;0;0;99;0
7116372;259,722;1;0;2;5;3;0;0;99;0
7117872;259,777;0;0;1;4;2;0;0;99;0
7119372;259,833;5;0;0;3;1;0;0;99;0
7120872;259,886;4;0;5;2;0;0;0;99;0
7122372;259,942;3;0;4;1;5;0;0;99;0
7123872;259,994;2;0;3;0;4;0;0;99;0
7125372;260,051;1;0;2;6;3;0;0;99;0
7126872;260,104;0;0;1;5;2;0;0;99;0
7128372;260,16;6;0;0;4;1;0;0;99;0
7129897;260,217;5;0;6;3;0;0;0;99;0
7131397;260,272;4;0;5;2;0;4;0;99;0
7132897;260,327;3;0;4;1;0;3;0;99;0
7134397;260,38;2;0;3;0;0;2;0;99;0
7135897;260,436;1;0;2;7;0;1;0;99;0
7137397;260,49;0;0;1;6;0;0;0;99;0
7138897;260,55;0;0;0;5;0;5;0;99;0
7140397;260,608;0;0;7;4;0;4;0;99;0
7141897;260,664;0;0;6;3;4;3;0;99;0
7143397;260,721;0;0;5;2;3;2;0;99;0
7144897;260,774;0;0;4;1;2;1;0;99;0
7146420;260,833;0;0;3;0;1;0;0;99;0
7147920;260,893;0;0;2;8;0;0;0;99;0
7149420;260,951;0;0;1;7;5;0;0;99;0
7150920;261,009;0;0;0;6;4;4;0;99;0
7152420;261,063;0;0;8;5;3;3;0;99;0
7153920;261,119;0;0;7;4;2;2;0;99;0
7155420;261,174;0;0;6;3;1;1;0;99;0
7156920;261,229;0;0;5;2;0;0;0;99;0
7158420;261,288;4;0;4;1;0;0;0;99;0
7159920;261,342;3;0;3;0;4;0;0;99;0
7161420;261,399;2;0;2;0;3;4;0;99;0
7162943;261,453;1;0;1;0;2;3;0;99;0
7164443;261,507;0;0;0;0;1;2;0;99;0
7165943;261,564;0;0;0;4;0;1;0;99;0
7167443;261,622;0;0;4;3;0;0;0;99;0
7168943;261,683;0;0;3;2;4;0;0;99;0
7170443;261,739;0;0;2;1;3;4;0;99;0
7171943;261,796;0;0;1;0;2;3;0;99;0
7173443;261,85;0;0;0;5;1;2;0;99;0
7174943;261,907;0;0;5;4;0;1;0;99;0
7176443;261,962;0;0;4;3;5;0;0;99;0
7177943;262,02;0;0;3;2;4;5;0;99;0
7179469;262,077;0;0;2;1;3;4;0;99;0
7180969;262,134;0;0;1;0;2;3;0;99;0
7182469;262,19;0;0;0;6;1;2;0;99;0
7183969;262,246;0;0;6;5;0;1;0;99;0
7185469;262,303;4;0;5;4;0;0;0;99;0
7186969;262,357;3;0;4;3;4;0;0;99;0
7188469;262,409;2;0;3;2;3;0;0;99;0
7189969;262,465;1;0;2;1;2;0;0;99;0
7191469;262,517;0;0;1;0;1;0;0;99;0
7192969;262,576;0;0;0;7;0;0;0;99;0
7194969;262,657;0;0;7;6;0;4;0;99;0
7196491;262,716;4;0;6;5;0;3;0;99;0
7197991;262,771;3;0;5;4;0;2;0;99;0
7199491;262,827;2;0;4;3;0;1;0;99;0
7200991;262,882;1;0;3;2;0;0;0;99;0
7202491;262,938;0;0;2;1;0;5;0;99;0
7203991;262,995;0;0;1;0;4;4;0;99;0
7205491;263,05;0;0;0;8;3;3;0;99;0
7206991;263,107;0;4;0;7;2;2;0;99;0
7208491;263,159;0;3;0;6;1;1;0;99;0
7209991;263,212;0;2;0;5;0;0;0;99;0
7211491;263,27;0;1;4;4;0;0;0;99;0
7213012;263,326;0;0;3;3;0;0;4;99;0
7214512;263,383;0;0;2;2;4;0;3;99;0
7216012;263,434;0;0;1;1;3;0;2;99;0
7217512;263,487;0;0;0;0;2;0;1;99;0
7219012;263,543;0;0;0;8;1;0;0;99;0
7220512;263,598;0;0;4;7;0;0;0;99;0
7222012;263,658;0;0;3;6;0;4;0;99;0
7223512;263,715;0;0;2;5;4;3;0;99;0
7225012;263,771;0;0;1;4;3;2;0;99;0
7226512;263,826;0;0;0;3;2;1;0;99;0
7228012;263,88;0;0;5;2;1;0;0;99;0
7229540;263,94;4;0;4;1;0;0;0;99;0
7231040;263,993;3;0;3;0;5;0;0;99;0
7232540;264,048;2;0;2;0;4;4;0;99;0
7234040;264,099;1;0;1;0;3;3;0;99;0
7235540;264,152;0;0;0;0;2;2;0;99;0
7237040;264,209;0;0;0;4;1;1;0;99;0
7238540;264,265;0;0;4;3;0;0;0;99;0
7240040;264,321;4;0;3;2;0;0;0;99;0
7241540;264,377;3;4;2;1;0;0;0;99;0
7243040;264,432;2;3;1;0;0;0;0;99;0
7244540;264,487;1;2;0;0;0;0;0;99;4
7246062;264,543;0;1;0;4;0;0;0;99;3
7247562;264,597;0;0;4;3;0;0;0;99;2
7249062;264,651;0;0;3;2;4;0;0;99;1
7250562;264,705;0;0;2;1;3;0;0;99;0
7252062;264,761;4;0;1;0;2;0;0;99;0
7253562;264,817;3;0;0;5;1;0;0;99;0
7255062;264,871;2;0;5;4;0;0;0;99;0
7256562;264,925;1;0;4;3;5;0;0;99;0
7258062;264,979;0;0;3;2;4;0;0;99;0
7259562;265,033;5;0;2;1;3;0;0;99;0
7261062;265,088;4;0;1;0;2;0;0;99;0
7262592;265,145;3;0;0;0;1;0;4;99;0
7264092;265,199;2;0;6;0;0;0;3;99;0
7265592;265,252;1;0;5;4;0;0;2;99;0
7267092;265,303;0;0;4;3;0;0;1;99;0
7268592;265,361;6;0;3;2;0;0;0;99;0
7270092;265,417;5;0;2;1;0;0;0;99;4
7271592;265,47;4;0;1;0;0;0;0;99;3
7273092;265,524;3;0;0;0;4;0;0;99;2
7274592;265,579;2;0;0;4;3;0;0;99;1
7276092;265,631;1;0;0;3;2;0;0;99;0
7277592;265,685;0;0;0;2;1;0;0;99;5
7279111;265,744;0;0;4;1;0;0;0;99;4
7280611;265,8;0;0;3;0;5;0;0;99;3
7282111;265,856;0;0;2;5;4;0;0;99;2
7283611;265,91;0;0;1;4;3;0;0;99;1
7285111;265,958;0;0;0;3;2;0;0;99;0
7286611;266,012;0;0;5;2;1;0;0;99;0
7288111;266,063;4;0;4;1;0;0;0;99;0
7289611;266,115;3;0;3;0;6;0;0;99;0
7291111;266,165;2;0;2;6;5;0;0;99;0
7292611;266,214;1;0;1;5;4;0;0;99;0
7294111;266,265;0;0;0;4;3;0;0;99;0
7295634;266,318;0;0;6;3;2;0;0;99;0
7297134;266,37;4;0;5;2;1;0;0;99;0
7298634;266,421;3;0;4;1;0;0;0;99;0
7300134;266,472;2;0;3;0;7;0;0;99;0
7301634;266,527;1;0;2;7;6;0;0;99;0
7303134;266,578;0;0;1;6;5;0;0;99;0
7304634;266,633;5;0;0;5;4;0;0;99;0
7306134;266,69;4;0;7;4;3;0;0;99;0
7307634;266,741;3;0;6;3;2;0;0;99;0
7309134;266,793;2;0;5;2;1;0;0;99;0
7310634;266,846;1;0;4;1;0;0;0;99;0
7312156;266,902;0;0;3;0;0;0;4;99;0
7313656;266,961;0;0;2;8;0;0;3;99;0
7315156;267,015;0;0;1;7;4;0;2;99;0
7316656;267,068;0;0;0;6;3;0;1;99;0
7318156;267,123;0;0;8;5;2;0;0;99;0
7319656;267,179;4;0;7;4;1;0;0;99;0
7321156;267,232;3;0;6;3;0;0;0;99;0
7322656;267,289;2;0;5;2;5;0;0;99;0
7324156;267,343;1;0;4;1;4;0;0;99;0
7325656;267,4;0;0;3;0;3;0;0;99;0
7327156;267,457;0;0;2;8;2;0;0;99;0
7328680;267,516;0;4;1;7;1;0;0;99;0
7330180;267,568;0;3;0;6;0;0;0;99;0
7331680;267,628;0;2;8;5;0;0;0;99;0
7333180;267,683;0;1;7;4;4;0;0;99;0
7334680;267,737;0;0;6;3;3;0;0;99;0
7336180;267,793;0;0;5;2;2;4;0;99;0
7337680;267,847;0;0;4;1;1;3;0;99;0
7339180;267,903;0;0;3;0;0;2;0;99;0
7340680;267,96;0;0;2;8;0;1;0;99;0
7342180;268,019;4;0;1;7;0;0;0;99;0
7343680;268,075;3;0;0;6;0;5;0;99;0
7345201;268,132;2;0;8;5;0;4;0;99;0
7346701;268,187;1;0;7;4;0;3;0;99;0
7348201;268,242;0;0;6;3;0;2;0;99;0
7349701;268,3;0;0;5;2;4;1;0;99;0
7351201;268,354;0;0;4;1;3;0;0;99;0
7352701;268,409;0;0;3;0;2;6;0;99;0
7354201;268,465;0;0;2;8;1;5;0;99;0
7355701;268,519;0;0;1;7;0;4;0;99;0
7357201;268,577;4;0;0;6;0;3;0;99;0
7358701;268,63;3;0;8;5;0;2;0;99;0
7360201;268,683;2;0;7;4;0;1;0;99;0
7361722;268,736;1;0;6;3;0;0;0;99;0
7363222;268,789;0;0;5;2;4;0;0;99;0
7364722;268,847;5;0;4;1;3;0;0;99;0
7366222;268,9;4;0;3;0;2;0;0;99;0
7367722;268,956;3;0;2;8;1;0;0;99;0
7369222;269,008;2;0;1;7;0;0;0;99;0
7370722;269,064;1;0;0;6;5;0;0;99;0
7372222;269,119;0;0;8;5;4;0;0;99;0
7373722;269,173;0;0;7;4;3;4;0;99;0
7375222;269,23;0;0;6;3;2;3;0;99;0
7376722;269,285;0;0;5;2;1;2;0;99;0
7378250;269,343;0;0;4;1;0;1;0;99;0
7379750;269,398;0;0;3;0;6;0;0;99;0
7381250;269,455;0;0;2;8;5;0;0;99;0
7382750;269,511;4;0;1;7;4;0;0;99;0
7384250;269,564;3;0;0;6;3;0;0;99;0
7385750;269,621;2;0;8;5;2;0;0;99;0
7387250;269,675;1;0;7;4;1;0;0;99;0
7388750;269,727;0;0;6;3;0;0;0;99;0
7390250;269,786;0;0;5;2;7;0;0;99;0
7391750;269,84;0;0;4;1;6;4;0;99;0
7393250;269,898;0;0;3;0;5;3;0;99;0
7394768;269,956;0;4;2;0;4;2;0;99;0
7396268;270,011;0;3;1;0;3;1;0;99;0
7397768;270,064;0;2;0;0;2;0;0;99;0
7399268;270,122;0;1;8;0;1;0;0;99;0
7400768;270,177;0;0;7;4;0;0;0;99;0
7402268;270,232;4;0;6;3;0;0;0;99;0
7403768;270,288;3;0;5;2;4;0;0;99;0
7405268;270,339;2;0;4;1;3;0;0;99;0
7406768;270,39;1;0;3;0;2;0;0;99;0
7408268;270,446;0;0;2;5;1;0;0;99;0
7409768;270,501;0;4;1;4;0;0;0;99;0
7411284;270,559;0;3;0;3;0;0;4;99;0
7412784;270,613;0;2;8;2;0;0;3;99;0
7414284;270,664;0;1;7;1;0;0;2;99;0
7415784;270,718;0;0;6;0;0;0;1;99;0
7417284;270,776;0;0;5;6;0;0;0;99;0
7418784;270,837;0;0;4;5;0;4;0;99;0
7420284;270,89;0;0;3;4;4;3;0;99;0
7421784;270,944;0;0;2;3;3;2;0;99;0
7423284;270,995;0;0;1;2;2;1;0;99;0
7424784;271,048;0;0;0;1;1;0;0;99;0
7426284;271,106;0;0;8;0;0;0;0;99;0
7428316;271,185;0;0;7;7;0;0;4;99;0
7429816;271,24;0;0;6;6;0;4;3;99;0
7431316;271,289;0;0;5;5;0;3;2;99;0
7432816;271,339;0;0;4;4;0;2;1;99;0
7434316;271,389;0;0;3;3;0;1;0;99;0
7435816;271,444;0;0;2;2;4;0;0;99;0
7437316;271,498;0;0;1;1;3;5;0;99;0
7438816;271,551;0;0;0;0;2;4;0;99;0
7440316;271,608;0;0;8;0;1;3;0;99;0
7441816;271,665;0;0;7;4;0;2;0;99;0
7443316;271,722;4;0;6;3;0;1;0;99;0
7444840;271,777;3;0;5;2;0;0;0;99;0
7446340;271,83;2;0;4;1;4;0;0;99;0
7447840;271,884;1;0;3;0;3;0;0;99;0
7449340;271,938;0;0;2;5;2;0;0;99;0
7450840;271,994;0;0;1;4;1;4;0;99;0
7452340;272,05;0;0;0;3;0;3;0;99;0
7453840;272,11;0;0;8;2;0;2;0;99;0
7455340;272,166;0;0;7;1;4;1;0;99;0
7456840;272,221;0;0;6;0;3;0;0;99;0
7458340;272,278;0;0;5;6;2;0;0;99;0
7459840;272,335;0;0;4;5;1;4;0;99;0
7461356;272,392;0;0;3;4;0;3;0;99;0
7462856;272,448;0;0;2;3;5;2;0;99;0
7464356;272,503;0;0;1;2;4;1;0;99;0
7465856;272,559;0;0;0;1;3;0;0;99;0
7467356;272,617;0;0;8;0;2;0;0;99;0
7468856;272,674;0;0;7;7;1;0;0;99;0
7470356;272,731;0;0;6;6;0;4;0;99;0
7471856;272,79;4;0;5;5;0;3;0;99;0
7473356;272,841;3;0;4;4;0;2;0;99;0
7474856;272,894;2;0;3;3;0;1;0;99;0
7476356;272,945;1;0;2;2;0;0;0;99;0
7477882;272,99;0;4;1;1;0;0;0;99;0
7479382;273,027;5;3;0;0;0;0;0;99;0
7480882;273,066;4;2;8;0;0;0;0;99;0
7482382;273,104;3;1;7;4;0;0;0;99;0
7483882;273,138;2;0;6;3;0;0;0;99;0
7485382;273,193;1;0;5;2;0;4;0;99;0
7486882;273,248;0;0;4;1;0;3;0;99;0
7488382;273,304;0;0;3;0;4;2;0;99;0
7489882;273,369;4;0;2;0;3;1;0;99;0
7491382;273,422;3;0;1;0;2;0;0;99;0
7492882;273,476;2;0;0;4;1;0;0;99;0
7494407;273,533;1;0;8;3;0;0;0;99;0
7495907;273,589;0;0;7;2;5;0;0;99;0
7497407;273,645;5;0;6;1;4;0;0;99;0
7498907;273,697;4;0;5;0;3;0;0;99;0
7500407;273,751;3;0;4;5;2;0;0;99;0
7501907;273,805;2;0;3;4;1;0;0;99;0
7503407;273,858;1;0;2;3;0;0;0;99;0
7504907;273,914;0;4;1;2;0;0;0;99;0
7506407;273,97;0;3;0;1;4;0;0;99;0
7507907;274,026;0;2;8;0;3;0;0;99;0
7509407;274,081;0;1;7;6;2;0;0;99;0
7510935;274,135;0;0;6;5;1;0;0;99;0
7512435;274,19;4;0;5;4;0;0;0;99;0
7513935;274,246;3;0;4;3;5;0;0;99;0
7515435;274,301;2;0;3;2;4;0;0;99;0
7516935;274,356;1;0;2;1;3;0;0;99;0
7518435;274,41;0;0;1;0;2;0;0;99;0
7519935;274,466;0;0;0;7;1;0;0;99;0
7521435;274,522;0;0;8;6;0;0;0;99;0
7522935;274,578;0;0;7;5;6;0;0;99;0
7524435;274,635;4;0;6;4;5;0;0;99;0
7525935;274,687;3;0;5;3;4;0;0;99;0
7527455;274,742;2;0;4;2;3;0;0;99;0
7528955;274,795;1;0;3;1;2;0;0;99;0
7530455;274,848;0;0;2;0;1;0;0;99;0
7531955;274,906;0;0;1;8;0;0;0;99;0
7533455;274,963;4;0;0;7;0;0;0;99;0
7534955;275,02;3;0;8;6;0;0;0;99;0
7536455;275,074;2;0;7;5;0;4;0;99;0
7537955;275,129;1;0;6;4;0;3;0;99;0
7539455;275,184;0;0;5;3;0;2;0;99;0
7540955;275,24;0;0;4;2;4;1;0;99;0
7542455;275,296;0;0;3;1;3;0;0;99;0
7543976;275,355;0;4;2;0;2;0;0;99;0
7545476;275,41;0;3;1;8;1;0;0;99;0
7546976;275,466;0;2;0;7;0;0;0;99;0
7548476;275,522;0;1;8;6;0;0;0;99;0
7549976;275,576;0;0;7;5;4;0;0;99;0
7551476;275,632;4;0;6;4;3;0;0;99;0
7552976;275,685;3;0;5;3;2;0;0;99;0
7554476;275,738;2;0;4;2;1;0;0;99;0
7555976;275,791;1;0;3;1;0;0;0;99;0
7557476;275,848;0;0;2;0;0;0;0;99;4
7558976;275,906;0;0;1;8;0;0;0;99;3
7560496;275,964;0;4;0;7;0;0;0;99;2
7561996;276,018;0;3;8;6;0;0;0;99;1
7563496;276,069;0;2;7;5;0;0;0;99;0
7564996;276,124;0;1;6;4;4;0;0;99;0
7566496;276,179;0;0;5;3;3;0;0;99;0
7567996;276,235;0;0;4;2;2;4;0;99;0
7569496;276,29;0;0;3;1;1;3;0;99;0
7570996;276,345;0;0;2;0;0;2;0;99;0
7572496;276,405;0;0;1;8;0;1;0;99;0
7573996;276,463;0;0;0;7;4;0;0;99;0
7575496;276,521;0;0;8;6;3;0;0;99;0
7577012;276,577;0;0;7;5;2;0;4;99;0
7578512;276,627;0;0;6;4;1;0;3;99;0
7580012;276,679;0;0;5;3;0;0;2;99;0
7581512;276,734;0;0;4;2;0;4;1;99;0
7583012;276,787;0;0;3;1;0;3;0;99;0
7584512;276,842;0;0;2;0;4;2;0;99;0
7586012;276,898;0;0;1;8;3;1;0;99;0
7587512;276,952;0;0;0;7;2;0;0;99;0
7589012;277,01;0;0;8;6;1;0;0;99;0
7590512;277,066;0;0;7;5;0;4;0;99;0
7592012;277,123;4;0;6;4;0;3;0;99;0
7593540;277,18;3;0;5;3;0;2;0;99;0
7595040;277,233;2;0;4;2;0;1;0;99;0
7596540;277,287;1;0;3;1;0;0;0;99;0
7598040;277,342;0;0;2;0;4;0;0;99;0
7599540;277,401;0;0;1;8;3;0;0;99;0
7601040;277,456;4;0;0;7;2;0;0;99;0
7602540;277,51;3;0;8;6;1;0;0;99;0
7604040;277,563;2;0;7;5;0;0;0;99;0
7605540;277,618;1;0;6;4;5;0;0;99;0
7607040;277,671;0;0;5;3;4;0;0;99;0
7608540;277,726;5;0;4;2;3;0;0;99;0
7610061;277,779;4;0;3;1;2;0;0;99;0
7611561;277,832;3;0;2;0;1;0;0;99;0
7613061;277,885;2;0;1;8;0;0;0;99;0
7614561;277,94;1;0;0;7;6;0;0;99;0
7616061;277,994;0;0;8;6;5;0;0;99;0
7617561;278,049;6;0;7;5;4;0;0;99;0
7619061;278,102;5;0;6;4;3;0;0;99;0
7620561;278,153;4;0;5;3;2;0;0;99;0
7622061;278,19;3;0;4;2;1;0;0;99;0
7623561;278,235;2;0;3;1;0;0;0;99;0
7625061;278,282;1;0;2;0;7;0;0;99;0
7626579;278,329;0;0;1;0;6;0;0;99;4
7628079;278,377;0;0;0;4;5;0;0;99;3
7629579;278,422;0;0;8;3;4;0;0;99;2
7631079;278,466;0;0;7;2;3;0;0;99;1
7632579;278,51;0;0;6;1;2;0;0;99;0
7634079;278,558;4;0;5;0;1;0;0;99;0
7635579;278,604;3;0;4;5;0;0;0;99;0
7637079;278,65;2;0;3;4;8;0;0;99;0
7638579;278,695;1;0;2;3;7;0;0;99;0
7640079;278,738;0;0;1;2;6;0;0;99;0
7641579;278,787;0;0;0;1;5;4;0;99;0
7643100;278,835;0;0;8;0;4;3;0;99;0
7644600;278,881;0;0;7;6;3;2;0;99;0
7646100;278,927;0;0;6;5;2;1;0;99;0
7647600;278,975;0;0;5;4;1;0;0;99;0
7649100;279,022;0;0;4;3;0;5;0;99;0
7650600;279,069;4;0;3;2;0;4;0;99;0
7652100;279,115;3;0;2;1;0;3;0;99;0
7653600;279,162;2;0;1;0;0;2;0;99;0
7655100;279,21;1;0;0;7;0;1;0;99;0
7656600;279,256;0;0;8;6;0;0;0;99;0
7658100;279,305;0;0;7;5;4;0;0;99;0
7659620;279,356;0;4;6;4;3;0;0;99;0
7661120;279,4;0;3;5;3;2;0;0;99;0
7662620;279,444;0;2;4;2;1;0;0;99;0
7664120;279,49;0;1;3;1;0;0;0;99;0
7665620;279,537;0;0;2;0;5;0;0;99;0
7667120;279,585;0;0;1;8;4;0;0;99;0
7668620;279,633;0;0;0;7;3;4;0;99;0
7670120;279,681;0;0;8;6;2;3;0;99;0
7671620;279,727;0;0;7;5;1;2;0;99;0
7673120;279,773;0;0;6;4;0;1;0;99;0
7674620;279,82;0;0;5;3;6;0;0;99;0
7676143;279,869;4;0;4;2;5;0;0;99;0
7677643;279,913;3;0;3;1;4;0;0;99;0
7679143;279,958;2;0;2;0;3;0;0;99;0
7680643;280,006;1;0;1;0;2;4;0;99;0
7682143;280,05;0;0;0;0;1;3;0;99;0
7683643;280,098;0;0;8;0;0;2;0;99;0
7685143;280,148;0;0;7;4;0;1;0;99;0
7686643;280,194;4;0;6;3;0;0;0;99;0
7688143;280,241;3;0;5;2;0;5;0;99;0
7689643;280,286;2;0;4;1;0;4;0;99;0
7691143;280,333;1;0;3;0;0;3;0;99;0
7692667;280,381;0;0;2;0;4;2;0;99;0
7694167;280,428;0;0;1;4;3;1;0;99;0
7695667;280,476;0;0;0;3;2;0;0;99;0
7697167;280,525;0;0;8;2;1;0;0;99;0
7698667;280,572;4;0;7;1;0;0;0;99;0
7700167;280,62;3;0;6;0;5;0;0;99;0
7701667;280,666;2;0;5;5;4;0;0;99;0
7703167;280,709;1;0;4;4;3;0;0;99;0
7704667;280,755;0;0;3;3;2;0;0;99;0
7706167;280,802;5;0;2;2;1;0;0;99;0
7707667;280,846;4;0;1;1;0;0;0;99;0
7709194;280,897;3;0;0;0;0;0;4;99;0
7710694;280,945;2;0;8;0;0;0;3;99;0
7712194;280,991;1;0;7;4;0;0;2;99;0
7713694;281,037;0;0;6;3;0;0;1;99;0
7715194;281,082;6;0;5;2;0;0;0;99;0
7716694;281,128;5;0;4;1;4;0;0;99;0
7718194;281,172;4;0;3;0;3;0;0;99;0
7719694;281,216;3;0;2;5;2;0;0;99;0
7721194;281,261;2;0;1;4;1;0;0;99;0
7722694;281,305;1;0;0;3;0;0;0;99;0
7724194;281,352;0;0;8;2;0;0;0;99;0
7725717;281,405;7;0;7;1;0;0;0;99;0
7727217;281,452;6;0;6;0;4;0;0;99;0
7728717;281,498;5;0;5;6;3;0;0;99;0
7730217;281,542;4;0;4;5;2;0;0;99;0
7731717;281,586;3;0;3;4;1;0;0;99;0
7733217;281,632;2;0;2;3;0;0;0;99;0
7734717;281,678;1;0;1;2;5;0;0;99;0
7736217;281,722;0;0;0;1;4;0;0;99;0
7737717;281,773;0;0;8;0;3;0;0;99;0
7739217;281,821;0;0;7;7;2;0;0;99;0
7740717;281,869;4;0;6;6;1;0;0;99;0
7742241;281,917;3;0;5;5;0;0;0;99;0
7743741;281,964;2;0;4;4;6;0;0;99;0
7745241;282,009;1;0;3;3;5;0;0;99;0
7746741;282,056;0;0;2;2;4;0;0;99;0
7748241;282,103;0;0;1;1;3;4;0;99;0
7749741;282,151;0;0;0;0;2;3;0;99;0
7751241;282,199;0;0;8;0;1;2;0;99;0
7752741;282,246;0;0;7;4;0;1;0;99;0
7754241;282,295;4;0;6;3;0;0;0;99;0
7755741;282,341;3;0;5;2;4;0;0;99;0
7757241;282,385;2;0;4;1;3;0;0;99;0
7758762;282,432;1;0;3;0;2;0;0;99;0
7760262;282,478;0;0;2;5;1;0;0;99;0
7761762;282,525;5;0;1;4;0;0;0;99;0
7763262;282,571;4;0;0;3;5;0;0;99;0
7764762;282,615;3;0;8;2;4;0;0;99;0
7766262;282,66;2;0;7;1;3;0;0;99;0
7767762;282,704;1;0;6;0;2;0;0;99;0
7769262;282,75;0;0;5;6;1;0;0;99;0
7770762;282,799;6;0;4;5;0;0;0;99;0
7772262;282,845;5;4;3;4;0;0;0;99;0
7773762;282,915;4;3;2;3;0;0;0;99;0
7775276;283,007;3;2;1;2;0;0;0;99;0
7776776;283,084;2;1;0;1;0;0;0;99;0
7778276;283,177;1;0;8;0;0;0;0;99;0
7779776;283,275;0;5;7;0;0;0;0;99;0
7781276;283,373;0;4;6;4;0;0;0;99;0
7782776;283,463;0;3;5;3;0;4;0;99;0
7784276;283,543;0;2;4;2;0;3;0;99;0
7785776;283,587;0;1;3;1;0;2;0;99;0
7787276;283,632;0;0;2;0;0;1;0;99;0
7788776;283,682;0;0;1;0;4;0;0;99;0
7790276;283,731;0;0;0;4;3;0;0;99;0
7791793;283,783;4;0;0;3;2;0;0;99;0
7793293;283,829;3;0;4;2;1;0;0;99;0
7794793;283,873;2;0;3;1;0;0;0;99;0
7796293;283,921;1;0;2;0;5;0;0;99;0
7797793;283,966;0;0;1;5;4;0;0;99;0
7799293;284,014;5;0;0;4;3;0;0;99;0
7800793;284,058;4;0;5;3;2;0;0;99;0
7802293;284,102;3;0;4;2;1;0;0;99;0
7803793;284,147;2;0;3;1;0;0;0;99;0
7805293;284,192;1;0;2;0;0;4;0;99;0
7806793;284,238;0;0;1;6;0;3;0;99;0
7808318;284,287;0;0;0;5;0;2;4;99;0
7809818;284,332;0;0;6;4;0;1;3;99;0
7811318;284,377;0;0;5;3;0;0;2;99;0
7812818;284,423;0;0;4;2;4;0;1;99;0
7814318;284,466;0;0;3;1;3;0;0;99;0
7815818;284,513;4;0;2;0;2;0;0;99;0
7817318;284,561;3;0;1;7;1;0;0;99;0
7818818;284,606;2;0;0;6;0;0;0;99;0
7820318;284,653;1;0;7;5;0;0;0;99;0
7821818;284,701;0;0;6;4;0;4;0;99;0
7823318;284,749;0;0;5;3;4;3;0;99;0
7824838;284,797;0;0;4;2;3;2;0;99;0
7826338;284,845;0;0;3;1;2;1;0;99;0
7827838;284,892;0;0;2;0;1;0;0;99;0
7829338;284,941;0;0;1;8;0;0;0;99;0
7830838;284,992;0;0;0;7;5;0;0;99;0
7832338;285,04;0;0;8;6;4;0;0;99;0
7833838;285,088;0;0;7;5;3;4;0;99;0
7835338;285,136;0;0;6;4;2;3;0;99;0
7836838;285,184;0;0;5;3;1;2;0;99;0
7838338;285,23;0;0;4;2;0;1;0;99;0
7839838;285,28;4;0;3;1;0;0;0;99;0
7841366;285,328;3;0;2;0;0;0;4;99;0
7842866;285,373;2;0;1;8;0;0;3;99;0
7844366;285,417;1;0;0;7;0;0;2;99;0
7845866;285,461;0;0;8;6;0;0;1;99;0
7847366;285,507;0;0;7;5;4;0;0;99;0
7848866;285,555;4;0;6;4;3;0;0;99;0
7850366;285,6;3;0;5;3;2;0;0;99;0
7851866;285,644;2;0;4;2;1;0;0;99;0
7853366;285,69;1;0;3;1;0;0;0;99;0
7854866;285,737;0;0;2;0;5;0;0;99;0
7856366;285,786;0;0;1;8;4;0;0;99;0
7857881;285,836;0;0;0;7;3;0;4;99;0
7859381;285,882;0;0;8;6;2;0;3;99;0
7860881;285,927;0;0;7;5;1;0;2;99;0
7862381;285,971;0;0;6;4;0;0;1;99;0
7863881;286,016;0;0;5;3;6;0;0;99;0
7865381;286,064;4;0;4;2;5;0;0;99;0
7866881;286,11;3;0;3;1;4;0;0;99;0
7868381;286,157;2;0;2;0;3;0;0;99;0
7869881;286,205;1;0;1;8;2;0;0;99;0
7871381;286,25;0;0;0;7;1;0;0;99;0
7872881;286,3;0;0;0;6;0;4;0;99;0
7874406;286,35;0;4;0;5;0;3;0;99;0
7875906;286,396;0;3;4;4;0;2;0;99;0
7877406;286,442;0;2;3;3;0;1;0;99;0
7878906;286,487;0;1;2;2;0;0;0;99;0
7880406;286,534;0;0;1;1;4;0;0;99;0
7881906;286,583;4;0;0;0;3;0;0;99;0
7883406;286,63;3;0;5;0;2;0;0;99;0
7884906;286,677;2;0;4;0;1;4;0;99;0
7886406;286,724;1;0;3;0;0;3;0;99;0
7887906;286,77;0;0;2;4;0;2;0;99;0
7889406;286,817;0;0;1;3;4;1;0;99;0
7890926;286,866;0;0;0;2;3;0;0;99;0
7892426;286,914;0;0;6;1;2;0;0;99;0
7893926;286,963;0;0;5;0;1;4;0;99;0
7895426;287,011;0;0;4;5;0;3;0;99;0
7896926;287,059;0;0;3;4;5;2;0;99;0
7898426;287,107;0;0;2;3;4;1;0;99;0
7899926;287,154;0;0;1;2;3;0;0;99;0
7901426;287,201;4;0;0;1;2;0;0;99;0
7902926;287,248;3;0;7;0;1;0;0;99;0
7904426;287,294;2;0;6;6;0;0;0;99;0
7905926;287,34;1;0;5;5;6;0;0;99;0
7907443;287,388;0;0;4;4;5;0;0;99;0
7908943;287,435;5;0;3;3;4;0;0;99;0
7910443;287,479;4;0;2;2;3;0;0;99;0
7911943;287,526;3;0;1;1;2;0;0;99;0
7913443;287,57;2;0;0;0;1;0;0;99;0
7914943;287,621;1;4;0;0;0;0;0;99;0
7916443;287,669;0;3;0;0;0;0;0;99;4
7917943;287,717;0;2;4;0;0;0;0;99;3
7919443;287,765;0;1;3;4;0;0;0;99;2
7920943;287,81;0;0;2;3;0;0;0;99;1
7922443;287,857;0;0;1;2;4;0;0;99;0
7923966;287,906;0;0;0;1;3;0;4;99;0
7925466;287,952;0;0;5;0;2;0;3;99;0
7926966;287,996;0;0;4;5;1;0;2;99;0
7928466;288,041;0;0;3;4;0;0;1;99;0
7929966;288,088;0;0;2;3;5;0;0;99;0
7931466;288,137;4;0;1;2;4;0;0;99;0
7932966;288,183;3;0;0;1;3;0;0;99;0
7934466;288,228;2;0;6;0;2;0;0;99;0
7935966;288,276;1;0;5;6;1;0;0;99;0
7937466;288,321;0;0;4;5;0;0;0;99;0
7938966;288,37;0;0;3;4;6;0;0;99;0
7940488;288,42;0;4;2;3;5;0;0;99;0
7941988;288,465;0;3;1;2;4;0;0;99;0
7943488;288,51;0;2;0;1;3;0;0;99;0
7944988;288,558;0;1;7;0;2;0;0;99;0
7946488;288,604;0;0;6;7;1;0;0;99;0
7947988;288,652;4;0;5;6;0;0;0;99;0
7949488;288,7;3;0;4;5;0;0;0;99;4
7950988;288,744;2;0;3;4;0;0;0;99;3
7952488;288,79;1;0;2;3;0;0;0;99;2
7953988;288,834;0;0;1;2;0;0;0;99;1
7955488;288,88;0;0;0;1;4;0;0;99;0
7957007;288,932;0;0;8;0;3;0;0;99;0
7958507;288,98;0;0;7;8;2;0;0;99;0
7960007;289,029;0;4;6;7;1;0;0;99;0
7961507;289,074;0;3;5;6;0;0;0;99;0
7963007;289,121;4;2;4;5;0;0;0;99;0
7964507;289,166;3;1;3;4;0;0;0;99;0
7966007;289,21;2;0;2;3;0;0;0;99;0
7967507;289,255;1;0;1;2;0;4;0;99;0
7969007;289,302;0;0;0;1;0;3;0;99;0
7970507;289,351;0;0;8;0;0;2;0;99;0
7972007;289,4;0;0;7;8;0;1;0;99;0
7973528;289,45;0;4;6;7;0;0;0;99;0
7975028;289,496;0;3;5;6;4;0;0;99;0
7976528;289,541;0;2;4;5;3;0;0;99;0
7978028;289,587;0;1;3;4;2;0;0;99;0
7979528;289,632;0;0;2;3;1;0;0;99;0
7981028;289,679;4;0;1;2;0;0;0;99;0
7982528;289,726;3;0;0;1;0;4;0;99;0
7984028;289,772;2;0;8;0;0;3;0;99;0
7985528;289,818;1;0;7;8;0;2;0;99;0
7987028;289,865;0;0;6;7;0;1;0;99;0
7988528;289,912;5;0;5;6;0;0;0;99;0
7990051;289,961;4;0;4;5;0;0;4;99;0
7991551;290,005;3;0;3;4;0;0;3;99;0
7993051;290,049;2;0;2;3;0;0;2;99;0
7994551;290,094;1;0;1;2;0;0;1;99;0
7996051;290,138;0;0;0;1;0;0;0;99;0
7998051;290,207;0;0;8;0;4;0;0;99;0
7999551;290,256;0;0;7;8;3;0;0;99;0
8001051;290,303;4;0;6;7;2;0;0;99;0
8002551;290,349;3;0;5;6;1;0;0;99;0
8004051;290,394;2;0;4;5;0;0;0;99;0
8005551;290,439;1;0;3;4;5;0;0;99;0
8007074;290,487;0;0;2;3;4;0;0;99;0
8008574;290,534;0;0;1;2;3;4;0;99;0
8010074;290,581;0;0;0;1;2;3;0;99;0
8011574;290,629;0;0;8;0;1;2;0;99;0
8013074;290,676;0;0;7;8;0;1;0;99;0
8014574;290,723;0;0;6;7;6;0;0;99;0
8016074;290,771;4;0;5;6;5;0;0;99;0
8017574;290,815;3;0;4;5;4;0;0;99;0
8019074;290,859;2;0;3;4;3;0;0;99;0
8020574;290,905;1;0;2;3;2;0;0;99;0
8022074;290,948;0;0;1;2;1;0;0;99;0
8023591;290,998;0;0;0;1;0;0;4;99;0
8025091;291,046;0;0;8;0;0;0;3;99;0
8026591;291,094;0;0;7;8;0;0;2;99;0
8028091;291,141;4;0;6;7;0;0;1;99;0
8029591;291,184;3;0;5;6;0;0;0;99;0
8031091;291,23;2;0;4;5;4;0;0;99;0
8032591;291,276;1;0;3;4;3;0;0;99;0
8034091;291,321;0;0;2;3;2;0;0;99;0
8035591;291,368;5;0;1;2;1;0;0;99;0
8037091;291,413;4;0;0;1;0;0;0;99;0
8038591;291,46;3;0;8;0;0;0;0;99;0
8040114;291,509;2;0;7;0;0;0;4;99;0
8041614;291,555;1;0;6;4;0;0;3;99;0
8043114;291,597;0;0;5;3;0;0;2;99;0
8044614;291,642;0;0;4;2;4;0;1;99;0
8046114;291,686;0;0;3;1;3;0;0;99;0
8047614;291,733;4;0;2;0;2;0;0;99;0
8049114;291,78;3;0;1;5;1;0;0;99;0
8050614;291,826;2;0;0;4;0;0;0;99;0
8052114;291,874;1;0;8;3;0;0;0;99;0
8053614;291,922;0;4;7;2;0;0;0;99;0
8055114;291,969;5;3;6;1;0;0;0;99;0
8056638;292,014;4;2;5;0;0;0;0;99;0
8058138;292,06;3;1;4;6;0;0;0;99;0
8059638;292,103;2;0;3;5;0;0;0;99;0
8061138;292,148;1;0;2;4;4;0;0;99;0
8062638;292,193;0;0;1;3;3;0;0;99;0
8064138;292,24;6;0;0;2;2;0;0;99;0
8065638;292,287;5;0;8;1;1;0;0;99;0
8067138;292,332;4;0;7;0;0;0;0;99;0
8068638;292,38;3;0;6;7;0;0;0;99;0
8070138;292,428;2;0;5;6;4;0;0;99;0
8071638;292,471;1;0;4;5;3;0;0;99;0
8073162;292,516;0;0;3;4;2;0;0;99;0
8074662;292,562;7;0;2;3;1;0;0;99;0
8076162;292,606;6;0;1;2;0;0;0;99;0
8077662;292,651;5;0;0;1;5;0;0;99;0
8079162;292,696;4;0;0;0;4;0;0;99;4
8080662;292,741;3;0;0;8;3;0;0;99;3
8082162;292,785;2;0;0;7;2;0;0;99;2
8083662;292,83;1;0;0;6;1;0;0;99;1
8085162;292,873;0;0;0;5;0;0;0;99;0
8087162;292,939;0;0;4;4;0;4;0;99;0
8088662;292,985;0;0;3;3;4;3;0;99;0
8090186;293,031;0;0;2;2;3;2;0;99;0
8091686;293,079;0;0;1;1;2;1;0;99;0
8093186;293,124;0;0;0;0;1;0;0;99;0
8095186;293,189;0;0;5;8;0;0;0;99;0
8096686;293,238;0;0;4;7;0;4;0;99;0
8098186;293,285;0;0;3;6;4;3;0;99;0
8099686;293,33;0;0;2;5;3;2;0;99;0
8101186;293,378;0;0;1;4;2;1;0;99;0
8102686;293,425;0;0;0;3;1;0;0;99;0
8104186;293,473;0;0;6;2;0;0;0;99;0
8105686;293,524;0;0;5;1;5;0;0;99;0
8107208;293,573;0;0;4;0;4;0;0;99;4
8108708;293,618;0;0;3;8;3;0;0;99;3
8110208;293,664;0;0;2;7;2;0;0;99;2
8111708;293,709;0;0;1;6;1;0;0;99;1
8113208;293,754;0;0;0;5;0;0;0;99;0
8115208;293,823;0;0;7;4;0;4;0;99;0
8116708;293,87;0;0;6;3;4;3;0;99;0
8118208;293,918;0;0;5;2;3;2;0;99;0
8119708;293,964;0;0;4;1;2;1;0;99;0
8121208;294,011;0;0;3;0;1;0;0;99;0
8122708;294,061;0;0;2;8;0;0;0;99;0
8124227;294,112;0;4;1;7;0;0;0;99;0
8125727;294,16;0;3;0;6;4;0;0;99;0
8127227;294,207;0;2;8;5;3;0;0;99;0
8128727;294,252;0;1;7;4;2;0;0;99;0
8130227;294,299;0;0;6;3;1;0;0;99;0
8131727;294,345;0;0;5;2;0;4;0;99;0
8133227;294,391;0;0;4;1;5;3;0;99;0
8134727;294,44;0;0;3;0;4;2;0;99;0
8136227;294,487;0;0;2;8;3;1;0;99;0
8137727;294,533;0;0;1;7;2;0;0;99;0
8139227;294,582;4;0;0;6;1;0;0;99;0
8140748;294,628;3;4;0;5;0;0;0;99;0
8142248;294,673;2;3;4;4;0;0;0;99;0
8143748;294,717;1;2;3;3;0;0;0;99;0
8145248;294,76;0;1;2;2;0;0;0;99;0
8146748;294,808;0;0;1;1;4;0;0;99;0
8148248;294,856;0;0;0;0;3;4;0;99;0
8149748;294,905;0;0;5;0;2;3;0;99;0
8151248;294,955;0;0;4;4;1;2;0;99;0
8152748;295,001;0;0;3;3;0;1;0;99;0
8154248;295,048;0;0;2;2;5;0;0;99;0
8155748;295,097;0;0;1;1;4;5;0;99;0
8157265;295,145;0;0;0;0;3;4;0;99;0
8158765;295,193;0;0;0;5;2;3;0;99;0
8160265;295,242;0;0;4;4;1;2;0;99;0
8161765;295,288;0;0;3;3;0;1;0;99;0
8163265;295,338;0;0;2;2;6;0;0;99;0
8164765;295,385;0;0;1;1;5;6;0;99;0
8166265;295,431;0;0;0;0;4;5;0;99;0
8167765;295,482;0;0;5;0;3;4;0;99;0
8169265;295,529;0;0;4;4;2;3;0;99;0
8170765;295,575;0;0;3;3;1;2;0;99;0
8172265;295,624;0;0;2;2;0;1;0;99;0
8173792;295,673;0;0;1;1;0;0;0;99;4
8175292;295,721;0;0;0;0;4;0;0;99;3
8176792;295,769;0;0;0;5;3;0;0;99;2
8178292;295,816;0;0;4;4;2;0;0;99;1
8179792;295,862;0;0;3;3;1;0;0;99;0
8181292;295,909;4;0;2;2;0;0;0;99;0
8182792;295,957;3;0;1;1;0;4;0;99;0
8184292;296,004;2;0;0;0;0;3;0;99;0
8185792;296,053;1;0;5;0;0;2;0;99;0
8187292;296,101;0;0;4;4;0;1;0;99;0
8188792;296,151;5;0;3;3;0;0;0;99;0
8190317;296,2;4;0;2;2;0;0;4;99;0
8191817;296,245;3;0;1;1;0;0;3;99;0
8193317;296,29;2;0;0;0;0;0;2;99;0
8194817;296,34;1;0;6;0;0;0;1;99;0
8196317;296,388;0;0;5;4;0;0;0;99;0
8197817;296,437;0;0;4;3;0;4;0;99;0
8199317;296,485;0;0;3;2;4;3;0;99;0
8200817;296,531;0;0;2;1;3;2;0;99;0
8202317;296,573;0;0;1;0;2;1;0;99;0
8203817;296,618;0;0;0;5;1;0;0;99;0
8205317;296,662;0;0;7;4;0;0;0;99;0
8206840;296,71;0;0;6;3;0;0;0;99;4
8208340;296,755;0;0;5;2;0;4;0;99;3
8209840;296,798;0;0;4;1;0;3;0;99;2
8211340;296,84;0;0;3;0;0;2;0;99;1
8212840;296,881;0;0;2;6;0;1;0;99;0
8214340;296,925;0;0;1;5;4;0;0;99;0
8215840;296,968;4;0;0;4;3;0;0;99;0
8217340;297,01;3;0;8;3;2;0;0;99;0
8218840;297,052;2;0;7;2;1;0;0;99;0
8220340;297,094;1;0;6;1;0;0;0;99;0
8221840;297,136;0;0;5;0;5;0;0;99;0
8223362;297,181;0;4;4;0;4;0;0;99;0
8224862;297,225;0;3;3;4;3;0;0;99;0
8226362;297,268;0;2;2;3;2;0;0;99;0
8227862;297,312;0;1;1;2;1;0;0;99;0
8229362;297,356;0;0;0;1;0;0;0;99;0
8231362;297,42;0;0;8;0;6;0;0;99;0
8232862;297,468;0;0;7;5;5;0;0;99;0
8234362;297,515;0;4;6;4;4;0;0;99;0
8235862;297,559;0;3;5;3;3;0;0;99;0
8237362;297,603;0;2;4;2;2;0;0;99;0
8238862;297,649;0;1;3;1;1;0;0;99;0
8240380;297,695;0;0;2;0;0;0;0;99;0
8242380;297,762;0;0;1;6;0;4;0;99;0
8243880;297,811;0;0;0;5;4;3;0;99;0
8245380;297,858;0;0;8;4;3;2;0;99;0
8246880;297,906;0;0;7;3;2;1;0;99;0
8248380;297,953;0;0;6;2;1;0;0;99;0
8249880;298,001;0;4;5;1;0;0;0;99;0
8251380;298,049;4;3;4;0;0;0;0;99;0
8252880;298,095;3;2;3;0;0;0;0;99;4
8254380;298,137;2;1;2;0;0;0;0;99;3
8255880;298,181;1;0;1;0;0;0;0;99;2
8257401;298,228;0;0;0;0;0;4;0;99;1
8258901;298,277;0;0;8;0;0;3;0;99;0
8260401;298,328;0;0;7;4;0;2;0;99;0
8261901;298,376;0;0;6;3;4;1;0;99;0
8263401;298,424;0;0;5;2;3;0;0;99;0
8264901;298,47;0;0;4;1;2;5;0;99;0
8266401;298,516;0;0;3;0;1;4;0;99;0
8267901;298,563;0;0;2;5;0;3;0;99;0
8269401;298,61;0;0;1;4;5;2;0;99;0
8270901;298,658;0;0;0;3;4;1;0;99;0
8272401;298,709;0;0;8;2;3;0;0;99;0
8273916;298,758;0;0;7;1;2;0;0;99;4
8275416;298,802;0;0;6;0;1;0;0;99;3
8276916;298,849;0;0;5;6;0;0;0;99;2
8278416;298,894;0;0;4;5;6;0;0;99;1
8279916;298,938;0;0;3;4;5;0;0;99;0
8281416;298,987;4;0;2;3;4;0;0;99;0
8282916;299,032;3;0;1;2;3;0;0;99;0
8284416;299,077;2;0;0;1;2;0;0;99;0
8285916;299,124;1;0;8;0;1;0;0;99;0
8287416;299,169;0;4;7;0;0;0;0;99;0
8288916;299,219;0;3;6;4;0;0;0;99;0
8290441;299,267;4;2;5;3;0;0;0;99;0
8291941;299,312;3;1;4;2;0;0;0;99;0
8293441;299,358;2;0;3;1;0;0;0;99;0
8294941;299,406;1;0;2;0;0;4;0;99;0
8296441;299,453;0;0;1;5;0;3;0;99;0
8297941;299,502;5;0;0;4;0;2;0;99;0
8299441;299,546;4;0;8;3;0;1;0;99;0
8300941;299,592;3;0;7;2;0;0;0;99;0
8302441;299,638;2;0;6;1;0;5;0;99;0
8303941;299,681;1;0;5;0;0;4;0;99;0
8305441;299,728;0;0;4;6;0;3;0;99;0
8306962;299,776;0;4;3;5;0;2;0;99;0
8308462;299,821;0;3;2;4;0;1;0;99;0
8309962;299,868;0;2;1;3;0;0;0;99;0
8311462;299,914;0;1;0;2;0;6;0;99;0
8312962;299,96;0;0;8;1;0;5;0;99;0
8314462;300,009;0;0;7;0;4;4;0;99;0
8315962;300,055;0;0;6;7;3;3;0;99;0
8317462;300,101;0;0;5;6;2;2;0;99;0
8318962;300,149;0;0;4;5;1;1;0;99;0
8320462;300,195;0;0;3;4;0;0;0;99;0
8321962;300,246;0;0;2;3;5;0;0;99;0
8323488;300,295;4;0;1;2;4;0;0;99;0
8324988;300,34;3;0;0;1;3;0;0;99;0
8326488;300,387;2;0;8;0;2;0;0;99;0
8327988;300,433;1;0;7;8;1;0;0;99;0
8329488;300,477;0;0;6;7;0;0;0;99;0
8330988;300,527;0;4;5;6;0;0;0;99;0
8332488;300,573;0;3;4;5;0;4;0;99;0
8333988;300,619;0;2;3;4;0;3;0;99;0
8335488;300,666;0;1;2;3;0;2;0;99;0
8336988;300,711;0;0;1;2;0;1;0;99;0
8338488;300,757;4;0;0;1;0;0;0;99;0
8340003;300,808;3;0;0;0;4;0;0;99;0
8341503;300,856;2;0;0;8;3;0;0;99;0
8343003;300,901;1;0;4;7;2;0;0;99;0
8344503;300,946;0;0;3;6;1;0;0;99;0
8346003;300,993;0;0;2;5;0;4;0;99;0
8347503;301,04;0;0;1;4;5;3;0;99;0
8349003;301,088;0;0;0;3;4;2;0;99;0
8350503;301,135;0;0;5;2;3;1;0;99;0
8352003;301,184;0;0;4;1;2;0;0;99;0
8353503;301,231;0;0;3;0;1;5;0;99;0
8355003;301,277;0;0;2;8;0;4;0;99;0
8356529;301,328;0;4;1;7;0;3;0;99;0
8358029;301,372;0;3;0;6;0;2;0;99;0
8359529;301,419;0;2;6;5;0;1;0;99;0
8361029;301,465;0;1;5;4;0;0;0;99;0
8362529;301,512;0;0;4;3;0;6;0;99;0
8364029;301,562;0;0;3;2;0;5;0;99;4
8365529;301,607;0;0;2;1;0;4;0;99;3
8367029;301,652;0;0;1;0;0;3;0;99;2
8368529;301,7;0;0;0;0;4;2;0;99;1
8370029;301,745;0;0;7;0;3;1;0;99;0
8371529;301,793;0;0;6;4;2;0;0;99;0
8373050;301,844;4;0;5;3;1;0;0;99;0
8374550;301,889;3;0;4;2;0;0;0;99;0
8376050;301,935;2;0;3;1;0;0;0;99;4
8377550;301,981;1;0;2;0;0;0;0;99;3
8379050;302,027;0;0;1;5;0;0;0;99;2
8380550;302,072;0;0;0;4;4;0;0;99;1
8382050;302,119;0;0;0;3;3;4;0;99;0
8383550;302,166;0;0;4;2;2;3;0;99;0
8385050;302,213;0;0;3;1;1;2;0;99;0
8386550;302,261;0;0;2;0;0;1;0;99;0
8388050;302,31;0;0;1;6;0;0;0;99;0
8389577;302,362;0;0;0;5;0;0;4;99;0
8391077;302,409;0;0;5;4;0;0;3;99;0
8392577;302,455;0;0;4;3;0;4;2;99;0
8394077;302,499;0;0;3;2;0;3;1;99;0
8395577;302,543;0;0;2;1;0;2;0;99;0
8397077;302,591;0;0;1;0;4;1;0;99;0
8398577;302,64;0;0;0;7;3;0;0;99;0
8400077;302,687;0;0;6;6;2;0;0;99;0
8401577;302,736;0;0;5;5;1;4;0;99;0
8403077;302,782;0;0;4;4;0;3;0;99;0
8404577;302,83;0;0;3;3;5;2;0;99;0
8406106;302,879;0;0;2;2;4;1;0;99;0
8407606;302,924;0;0;1;1;3;0;0;99;0
8409106;302,97;0;0;0;0;2;5;0;99;0
8410606;303,017;0;0;7;0;1;4;0;99;0
8412106;303,062;0;0;6;4;0;3;0;99;0
8413606;303,107;0;0;5;3;6;2;0;99;0
8415106;303,155;0;0;4;2;5;1;0;99;0
8416606;303,206;0;0;3;1;4;0;0;99;0
8418106;303,262;4;0;2;0;3;0;0;99;0
8419606;303,31;3;0;1;5;2;0;0;99;0
8421106;303,378;2;0;0;4;1;0;0;99;0
8422629;303,437;1;0;8;3;0;0;0;99;0
8424129;303,492;0;0;7;2;7;0;0;99;0
8425629;303,536;5;0;6;1;6;0;0;99;0
8427129;303,588;4;0;5;0;5;0;0;99;0
8428629;303,643;3;0;4;6;4;0;0;99;0
8430129;303,697;2;0;3;5;3;0;0;99;0
8431629;303,753;1;0;2;4;2;0;0;99;0
8433129;303,805;0;0;1;3;1;0;0;99;0
8434629;303,862;0;0;0;2;0;4;0;99;0
8436129;303,92;0;0;8;1;0;3;0;99;0
8437629;303,978;0;0;7;0;4;2;0;99;0
8439155;304,036;0;0;6;7;3;1;0;99;0
8440655;304,089;0;0;5;6;2;0;0;99;0
8442155;304,145;0;0;4;5;1;5;0;99;0
8443655;304,202;0;0;3;4;0;4;0;99;0
8445155;304,257;0;0;2;3;5;3;0;99;0
8446655;304,313;0;0;1;2;4;2;0;99;0
8448155;304,367;0;0;0;1;3;1;0;99;0
8449655;304,423;0;0;8;0;2;0;0;99;0
8451155;304,483;0;0;7;8;1;0;0;99;0
8452655;304,539;4;0;6;7;0;0;0;99;0
8454155;304,596;3;4;5;6;0;0;0;99;0
8455674;304,648;2;3;4;5;0;0;0;99;0
8457174;304,7;1;2;3;4;0;0;0;99;0
8458674;304,753;0;1;2;3;0;0;0;99;0
8460174;304,808;0;0;1;2;0;4;0;99;0
8461674;304,864;4;0;0;1;0;3;0;99;0
8463174;304,917;3;0;8;0;0;2;0;99;0
8464674;304,973;2;0;7;8;0;1;0;99;0
8466174;305,025;1;0;6;7;0;0;0;99;0
8467674;305,08;0;0;5;6;0;5;0;99;0
8469174;305,138;0;0;4;5;4;4;0;99;0
8470674;305,192;0;0;3;4;3;3;0;99;0
8472203;305,248;0;0;2;3;2;2;0;99;0
8473703;305,304;0;0;1;2;1;1;0;99;0
8475203;305,36;0;0;0;1;0;0;0;99;0
8477203;305,44;0;0;8;0;0;6;0;99;0
8478703;305,5;0;0;7;0;4;5;0;99;0
8480203;305,556;0;0;6;4;3;4;0;99;0
8481703;305,61;0;0;5;3;2;3;0;99;0
8483203;305,667;0;0;4;2;1;2;0;99;0
8484703;305,722;0;0;3;1;0;1;0;99;0
8486203;305,78;4;0;2;0;0;0;0;99;0
8487703;305,835;3;0;1;5;0;0;0;99;0
8489230;305,889;2;0;0;4;4;0;0;99;0
8490730;305,945;1;0;8;3;3;0;0;99;0
8492230;305,996;0;0;7;2;2;0;0;99;0
8493730;306,053;5;0;6;1;1;0;0;99;0
8495230;306,106;4;0;5;0;0;0;0;99;0
8496730;306,164;3;0;4;0;5;0;0;99;0
8498230;306,219;2;0;3;0;4;0;0;99;4
8499730;306,271;1;0;2;0;3;0;0;99;3
8501230;306,321;0;0;1;0;2;0;0;99;2
8502730;306,375;6;0;0;0;1;0;0;99;1
8504230;306,43;5;0;8;0;0;0;0;99;0
8505754;306,492;4;0;7;4;0;0;0;99;0
8507254;306,55;3;0;6;3;4;0;0;99;0
8508754;306,604;2;0;5;2;3;0;0;99;0
8510254;306,658;1;0;4;1;2;0;0;99;0
8511754;306,712;0;0;3;0;1;0;0;99;0
8513254;306,77;0;0;2;5;0;0;0;99;0
8514754;306,829;0;0;1;4;0;4;0;99;0
8516254;306,886;0;0;0;3;4;3;0;99;0
8517754;306,945;0;0;8;2;3;2;0;99;0
8519254;306,999;0;0;7;1;2;1;0;99;0
8520754;307,057;0;0;6;0;1;0;0;99;0
8522270;307,117;0;0;5;6;0;0;0;99;0
8523770;307,175;0;0;4;5;5;0;0;99;0
8525270;307,232;0;0;3;4;4;4;0;99;0
8526770;307,286;0;0;2;3;3;3;0;99;0
8528270;307,341;0;0;1;2;2;2;0;99;0
8529770;307,394;0;0;0;1;1;1;0;99;0
8531270;307,451;0;0;0;0;0;0;0;99;4
8533270;307,534;0;0;4;7;0;0;0;99;3
8534770;307,59;0;0;3;6;0;4;0;99;2
8536270;307,644;0;0;2;5;0;3;0;99;1
8537770;307,696;0;0;1;4;0;2;0;99;0
8539293;307,755;0;0;0;3;4;1;0;99;0
8540793;307,81;0;0;5;2;3;0;0;99;0
8542293;307,865;0;0;4;1;2;5;0;99;0
8543793;307,917;0;0;3;0;1;4;0;99;0
8545293;307,965;0;0;2;8;0;3;0;99;0
8546793;308,019;4;0;1;7;0;2;0;99;0
8548293;308,07;3;0;0;6;0;1;0;99;0
8549793;308,126;2;0;0;5;4;0;0;99;0
8551293;308,18;1;0;4;4;3;0;0;99;0
8552793;308,231;0;0;3;3;2;0;0;99;0
8554293;308,288;5;0;2;2;1;0;0;99;0
8555817;308,342;4;0;1;1;0;0;0;99;0
8557317;308,397;3;0;0;0;0;4;0;99;0
8558817;308,459;2;0;5;0;0;3;0;99;0
8560317;308,518;1;0;4;4;0;2;0;99;0
8561817;308,571;0;0;3;3;0;1;0;99;0
8563317;308,628;0;0;2;2;4;0;0;99;0
8564817;308,684;4;0;1;1;3;0;0;99;0
8566317;308,739;3;0;0;0;2;0;0;99;0
8567817;308,796;2;0;6;0;1;0;0;99;0
8569317;308,849;1;0;5;4;0;0;0;99;0
8570817;308,905;0;0;4;3;0;4;0;99;0
8572341;308,962;0;0;3;2;0;3;4;99;0
8573841;309,015;0;0;2;1;0;2;3;99;0
8575341;309,066;0;0;1;0;0;1;2;99;0
8576841;309,12;0;0;0;5;0;0;1;99;0
8578341;309,177;0;0;7;4;0;0;0;99;0
8579841;309,236;0;0;6;3;4;0;0;99;0
8581341;309,292;4;0;5;2;3;0;0;99;0
8582841;309,343;3;0;4;1;2;0;0;99;0
8584341;309,396;2;0;3;0;1;0;0;99;0
8585841;309,454;1;0;2;0;0;4;0;99;0
8587341;309,509;0;4;1;0;0;3;0;99;0
8588863;309,569;0;3;0;0;0;2;4;99;0
8590363;309,622;0;2;8;0;0;1;3;99;0
8591863;309,671;0;1;7;0;0;0;2;99;0
8593363;309,726;4;0;6;0;0;0;1;99;0
8594863;309,779;3;0;5;4;0;0;0;99;0
8596363;309,833;2;0;4;3;4;0;0;99;0
8597863;309,887;1;0;3;2;3;0;0;99;0
8599363;309,941;0;0;2;1;2;0;0;99;0
8600863;309,996;0;0;1;0;1;4;0;99;0
8602363;310,05;0;0;0;5;0;3;0;99;0
8603863;310,108;0;0;8;4;0;2;0;99;0
8605388;310,165;0;0;7;3;0;1;4;99;0
8606888;310,217;0;0;6;2;0;0;3;99;0
8608388;310,271;0;0;5;1;0;5;2;99;0
8609888;310,323;0;0;4;0;0;4;1;99;0
8611388;310,377;0;0;3;6;0;3;0;99;0
8612888;310,432;0;0;2;5;0;2;0;99;4
8614388;310,488;0;0;1;4;0;1;0;99;3
8615888;310,544;0;0;0;3;0;0;0;99;2
8617388;310,603;0;0;8;2;0;0;0;99;1
8618888;310,657;0;0;7;1;0;4;0;99;0
8620388;310,714;4;0;6;0;0;3;0;99;0
8621911;310,771;3;0;5;7;0;2;0;99;0
8623411;310,823;2;0;4;6;0;1;0;99;0
8624911;310,878;1;0;3;5;0;0;0;99;0
8626411;310,933;0;0;2;4;0;5;0;99;0
8627911;310,987;0;0;1;3;4;4;0;99;0
8629411;311,042;0;0;0;2;3;3;0;99;0
8630911;311,099;0;0;8;1;2;2;0;99;0
8632411;311,154;0;0;7;0;1;1;0;99;0
8633911;311,209;0;0;6;8;0;0;0;99;0
8635411;311,268;4;0;5;7;0;0;0;99;0
8636911;311,323;3;0;4;6;0;0;0;99;4
8638429;311,376;2;0;3;5;0;0;0;99;3
8639929;311,429;1;0;2;4;0;0;0;99;2
8641429;311,482;0;0;1;3;0;0;0;99;1
8642929;311,54;0;0;0;2;4;0;0;99;0
8644429;311,597;0;0;8;1;3;0;0;99;0
8645929;311,655;4;0;7;0;2;0;0;99;0
8647429;311,712;3;0;6;0;1;0;0;99;4
8648929;311,763;2;0;5;0;0;0;0;99;3
8650429;311,82;1;0;4;0;0;4;0;99;2
8651929;311,872;0;0;3;0;0;3;0;99;1
8653429;311,928;0;0;2;4;0;2;0;99;0
8654955;311,987;0;4;1;3;0;1;0;99;0
8656455;312,039;0;3;0;2;0;0;0;99;0
8657955;312,099;0;2;8;1;0;0;0;99;0
8659455;312,154;0;1;7;0;0;4;0;99;0
8660955;312,21;0;0;6;5;0;3;0;99;0
8662455;312,268;0;0;5;4;0;2;0;99;4
8663955;312,322;0;0;4;3;0;1;0;99;3
8665455;312,376;0;0;3;2;0;0;0;99;2
8666955;312,434;0;0;2;1;4;0;0;99;1
8668455;312,489;0;0;1;0;3;0;0;99;0
8669955;312,549;0;0;0;6;2;0;0;99;0
8671480;312,612;0;4;0;5;1;0;0;99;0
8672980;312,667;0;3;4;4;0;0;0;99;0
8674480;312,724;0;2;3;3;0;4;0;99;0
8675980;312,778;0;1;2;2;0;3;0;99;0
8677480;312,831;0;0;1;1;0;2;0;99;0
8678980;312,889;0;0;0;0;4;1;0;99;0
8680480;312,946;0;0;0;7;3;0;0;99;0
8681980;313,006;0;0;4;6;2;0;0;99;0
8683480;313,065;0;0;3;5;1;4;0;99;0
8684980;313,124;0;0;2;4;0;3;0;99;0
8686480;313,18;0;0;1;3;5;2;0;99;0
8688001;313,236;0;0;0;2;4;1;0;99;0
8689501;313,292;4;0;0;1;3;0;0;99;0
8691001;313,348;3;0;4;0;2;0;0;99;0
8692501;313,404;2;0;3;8;1;0;0;99;0
8694001;313,458;1;0;2;7;0;0;0;99;0
8695501;313,517;0;0;1;6;6;0;0;99;0
8697001;313,571;0;0;0;5;5;4;0;99;0
8698501;313,627;0;0;5;4;4;3;0;99;0
8700001;313,683;0;0;4;3;3;2;0;99;0
8701501;313,738;0;0;3;2;2;1;0;99;0
8703001;313,795;0;0;2;1;1;0;0;99;0
8704520;313,851;0;4;1;0;0;0;0;99;0
8706020;313,909;0;3;0;8;0;0;0;99;0
8707520;313,965;0;2;6;7;0;0;0;99;0
8709020;314,021;0;1;5;6;0;4;0;99;0
8710520;314,076;0;0;4;5;0;3;0;99;0
8712020;314,133;0;0;3;4;4;2;0;99;0
8713520;314,189;0;0;2;3;3;1;0;99;0
8715020;314,243;0;0;1;2;2;0;0;99;0
8716520;314,298;0;0;0;1;1;5;0;99;0
8718020;314,354;4;0;0;0;0;4;0;99;0
8719520;314,411;3;0;4;0;0;3;0;99;0
8721040;314,472;2;0;3;0;0;2;0;99;4
8722540;314,526;1;0;2;0;0;1;0;99;3
8724040;314,579;0;0;1;0;0;0;0;99;2
8725540;314,635;0;0;0;4;0;0;0;99;1
8727040;314,691;0;0;5;3;0;0;0;99;0
8728540;314,75;0;0;4;2;4;0;0;99;0
8730040;314,806;4;0;3;1;3;0;0;99;0
8731540;314,857;3;0;2;0;2;0;0;99;0
8733040;314,913;2;0;1;0;1;4;0;99;0
8734540;314,966;1;0;0;0;0;3;0;99;0
8736040;315,022;0;0;6;0;0;2;0;99;0
8737561;315,082;0;0;5;0;4;1;0;99;0
8739061;315,138;0;0;4;4;3;0;0;99;0
8740561;315,193;4;0;3;3;2;0;0;99;0
8742061;315,245;3;0;2;2;1;0;0;99;0
8743561;315,298;2;0;1;1;0;0;0;99;0
8745061;315,352;1;0;0;0;0;4;0;99;0
8746561;315,41;0;0;7;0;0;3;0;99;0
8748061;315,47;0;0;6;0;4;2;0;99;0
8749561;315,528;0;0;5;4;3;1;0;99;0
8751061;315,584;0;0;4;3;2;0;0;99;0
8752561;315,639;0;0;3;2;1;5;0;99;0
8754080;315,696;0;0;2;1;0;4;0;99;0
8755580;315,753;0;0;1;0;5;3;0;99;0
8757080;315,813;4;0;0;0;4;2;0;99;0
8758580;315,866;3;0;8;0;3;1;0;99;0
8760080;315,919;2;0;7;0;2;0;0;99;0
8761580;315,976;1;0;6;4;1;0;0;99;0
8763080;316,029;0;0;5;3;0;0;0;99;0
8764580;316,088;0;0;4;2;0;4;0;99;0
8766080;316,145;0;0;3;1;4;3;0;99;0
8767580;316,201;0;0;2;0;3;2;0;99;0
8769080;316,257;0;0;1;5;2;1;0;99;0
8770599;316,315;0;0;0;4;1;0;0;99;0
8772099;316,373;0;0;8;3;0;0;0;99;0
8773599;316,433;0;0;7;2;0;4;0;99;0
8775099;316,491;0;0;6;1;4;3;0;99;0
8776599;316,548;0;0;5;0;3;2;0;99;0
8778099;316,603;0;0;4;6;2;1;0;99;0
8779599;316,66;0;0;3;5;1;0;0;99;0
8781099;316,717;0;0;2;4;0;5;0;99;0
8782599;316,773;0;0;1;3;5;4;0;99;0
8784099;316,831;0;0;0;2;4;3;0;99;0
8785599;316,886;0;0;8;1;3;2;0;99;0
8787120;316,944;0;0;7;0;2;1;0;99;0
8788620;317,002;0;0;6;7;1;0;0;99;0
8790120;317,058;0;0;5;6;0;6;0;99;0
8791620;317,116;0;0;4;5;6;5;0;99;0
8793120;317,172;0;0;3;4;5;4;0;99;0
8794620;317,227;0;0;2;3;4;3;0;99;0
8796120;317,284;0;0;1;2;3;2;0;99;0
8797620;317,338;0;0;0;1;2;1;0;99;0
8799120;317,396;0;0;8;0;1;0;0;99;0
8800620;317,452;0;0;7;8;0;0;0;99;0
8802120;317,513;0;0;6;7;7;0;0;99;0
8803645;317,573;0;0;5;6;6;0;4;99;0
8805145;317,625;0;0;4;5;5;0;3;99;0
8806645;317,676;0;0;3;4;4;0;2;99;0
8808145;317,729;0;0;2;3;3;0;1;99;0
8809645;317,781;0;0;1;2;2;0;0;99;0
8811145;317,84;4;0;0;1;1;0;0;99;0
8812645;317,896;3;0;8;0;0;0;0;99;0
8814145;317,956;2;0;7;8;0;0;0;99;0
8815645;318,012;1;0;6;7;4;0;0;99;0
8817145;318,064;0;0;5;6;3;0;0;99;0
8818645;318,122;0;4;4;5;2;0;0;99;0
8820164;318,178;0;3;3;4;1;0;0;99;0
8821664;318,233;0;2;2;3;0;0;0;99;0
8823164;318,288;0;1;1;2;0;4;0;99;0
8824664;318,343;0;0;0;1;0;3;0;99;0
8826164;318,402;0;0;8;0;0;2;0;99;0
8827664;318,461;0;0;7;8;0;1;0;99;0
8829164;318,521;0;0;6;7;0;0;0;99;4
8830664;318,577;0;0;5;6;4;0;0;99;3
8832164;318,632;0;0;4;5;3;0;0;99;2
8833664;318,686;0;0;3;4;2;0;0;99;1
8835164;318,739;0;0;2;3;1;0;0;99;0
8836682;318,799;0;0;1;2;0;0;4;99;0
8838182;318,852;0;0;0;1;5;0;3;99;0
8839682;318,908;0;0;0;0;4;4;2;99;0
8841182;318,961;0;0;4;0;3;3;1;99;0
8842682;319,013;0;0;3;0;2;2;0;99;0
8844182;319,072;4;0;2;0;1;1;0;99;0
8845682;319,124;3;0;1;0;0;0;0;99;0
8847182;319,182;2;0;0;0;6;0;0;99;0
8848682;319,239;1;0;5;0;5;0;0;99;0
8850182;319,295;0;0;4;4;4;0;0;99;0
8851682;319,352;0;4;3;3;3;0;0;99;0
8853207;319,407;0;3;2;2;2;0;0;99;0
8854707;319,462;0;2;1;1;1;0;0;99;0
8856207;319,517;0;1;0;0;0;0;0;99;0
8858207;319,601;0;0;6;0;0;4;0;99;0
8859707;319,659;0;0;5;4;0;3;0;99;0
8861207;319,714;4;0;4;3;0;2;0;99;0
8862707;319,77;3;0;3;2;0;1;0;99;0
8864207;319,823;2;0;2;1;0;0;0;99;0
8865707;319,879;1;0;1;0;4;0;0;99;0
8867207;319,933;0;0;0;5;3;0;0;99;0
8868707;319,991;0;0;7;4;2;0;0;99;0
8870232;320,05;0;0;6;3;1;0;0;99;4
8871732;320,103;0;0;5;2;0;0;0;99;3
8873232;320,161;0;0;4;1;0;4;0;99;2
8874732;320,214;0;0;3;0;0;3;0;99;1
8876232;320,27;0;0;2;0;4;2;0;99;0
8877732;320,326;0;0;1;4;3;1;0;99;0
8879232;320,38;0;0;0;3;2;0;0;99;0
8880732;320,44;0;0;8;2;1;0;0;99;0
8882232;320,496;0;0;7;1;0;0;0;99;4
8883732;320,555;0;0;6;0;0;4;0;99;3
8885232;320,609;0;0;5;5;0;3;0;99;2
8886747;320,662;0;0;4;4;0;2;0;99;1
8888247;320,719;0;0;3;3;0;1;0;99;0
8889747;320,775;0;0;2;2;4;0;0;99;0
8891247;320,831;0;0;1;1;3;5;0;99;0
8892747;320,886;0;0;0;0;2;4;0;99;0
8894247;320,944;0;0;8;0;1;3;0;99;0
8895747;321,001;4;0;7;0;0;2;0;99;0
8897247;321,055;3;0;6;4;0;1;0;99;0
8898747;321,11;2;0;5;3;0;0;0;99;0
8900247;321,165;1;0;4;2;0;6;0;99;0
8901747;321,218;0;0;3;1;0;5;0;99;0
8903276;321,278;0;0;2;0;0;4;0;99;4
8904776;321,331;0;0;1;5;0;3;0;99;3
8906276;321,386;0;0;0;4;0;2;0;99;2
8907776;321,44;0;0;8;3;0;1;0;99;1
8909276;321,492;0;0;7;2;0;0;0;99;0
8910776;321,555;0;0;6;1;4;0;0;99;0
8912276;321,611;0;0;5;0;3;4;0;99;0
8913776;321,669;0;0;4;6;2;3;0;99;0
8915276;321,723;0;0;3;5;1;2;0;99;0
8916776;321,779;0;0;2;4;0;1;0;99;0
8918276;321,834;0;0;1;3;5;0;0;99;0
8919801;321,892;0;0;0;2;4;0;4;99;0
8921301;321,947;0;0;8;1;3;0;3;99;0
8922801;321,998;0;0;7;0;2;0;2;99;0
8924301;322,051;0;0;6;7;1;0;1;99;0
8925801;322,105;0;0;5;6;0;0;0;99;0
8927301;322,163;0;0;4;5;0;4;0;99;0
8928801;322,221;0;0;3;4;0;3;0;99;4
8930301;322,274;0;0;2;3;0;2;0;99;3
8931801;322,327;0;0;1;2;0;1;0;99;2
8933301;322,381;0;0;0;1;0;0;0;99;1
8934801;322,438;0;0;8;0;0;0;0;99;0
8936827;322,523;0;4;7;0;0;0;0;99;5
8938327;322,58;0;3;6;4;0;0;0;99;4
8939827;322,636;0;2;5;3;0;0;0;99;3
8941327;322,688;0;1;4;2;0;0;0;99;2
8942827;322,741;0;0;3;1;0;0;0;99;1
8944327;322,794;0;0;2;0;4;0;0;99;0
8945827;322,851;0;0;1;5;3;0;0;99;0
8947327;322,909;0;0;0;4;2;4;0;99;0
8948827;322,965;0;0;8;3;1;3;0;99;0
8950327;323,022;0;0;7;2;0;2;0;99;0
8951827;323,079;0;0;6;1;0;1;0;99;4
8953345;323,133;0;0;5;0;0;0;0;99;3
8954845;323,192;0;0;4;6;0;0;0;99;2
8956345;323,246;0;0;3;5;4;0;0;99;1
8957845;323,3;0;0;2;4;3;0;0;99;0
8959345;323,356;0;0;1;3;2;0;0;99;5
8960845;323,408;0;0;0;2;1;0;0;99;4
8962345;323,464;0;0;8;1;0;0;0;99;3
8963845;323,522;4;0;7;0;0;0;0;99;2
8965345;323,579;3;0;6;0;4;0;0;99;1
8966845;323,63;2;0;5;0;3;0;0;99;0
8968345;323,683;1;0;4;4;2;0;0;99;0
8969866;323,738;0;0;3;3;1;0;0;99;0
8971366;323,793;0;0;2;2;0;4;0;99;0
8972866;323,85;0;0;1;1;5;3;0;99;0
8974366;323,907;0;0;0;0;4;2;0;99;0
8975866;323,966;0;0;0;5;3;1;0;99;0
8977366;324,022;0;0;4;4;2;0;0;99;0
8978866;324,077;4;0;3;3;1;0;0;99;0
8980366;324,131;3;0;2;2;0;0;0;99;0
8981866;324,187;2;0;1;1;6;0;0;99;0
8983366;324,243;1;0;0;0;5;0;0;99;0
8984866;324,301;0;0;5;0;4;0;0;99;0
8986384;324,361;0;0;4;4;3;0;0;99;0
8987884;324,418;0;0;3;3;2;4;0;99;0
8989384;324,472;0;0;2;2;1;3;0;99;0
8990884;324,532;0;0;1;1;0;2;0;99;0
8992384;324,588;0;0;0;0;7;1;0;99;0
8993884;324,647;0;0;6;0;6;0;0;99;0
8995384;324,708;0;0;5;4;5;0;0;99;0
8996884;324,762;4;0;4;3;4;0;0;99;0
8998384;324,816;3;0;3;2;3;0;0;99;0
8999884;324,869;2;0;2;1;2;0;0;99;0
9001384;324,921;1;0;1;0;1;0;0;99;0
9002908;324,978;0;0;0;0;0;0;0;99;4
9004908;325,06;0;0;7;4;0;0;0;99;3
9006408;325,118;0;0;6;3;0;4;0;99;2
9007908;325,172;0;0;5;2;0;3;0;99;1
9009408;325,227;0;0;4;1;0;2;0;99;0
9010908;325,281;0;0;3;0;0;1;0;99;5
9012408;325,337;0;0;2;5;0;0;0;99;4
9013908;325,391;0;0;1;4;4;0;0;99;3
9015408;325,442;0;0;0;3;3;0;0;99;2
9016908;325,499;0;0;8;2;2;0;0;99;1
9018408;325,555;0;0;7;1;1;0;0;99;0
9019933;325,614;0;0;6;0;0;0;4;99;0
9021433;325,673;0;0;5;6;0;0;3;99;0
9022933;325,727;0;0;4;5;0;0;2;99;4
9024433;325,78;0;0;3;4;0;0;1;99;3
9025933;325,83;0;0;2;3;0;0;0;99;2
9027433;325,886;0;0;1;2;0;4;0;99;1
9028933;325,941;0;0;0;1;0;3;0;99;0
9030433;325,998;0;0;8;0;0;2;0;99;0
9031933;326,058;0;0;7;0;4;1;0;99;0
9033433;326,114;0;0;6;4;3;0;0;99;0
9034933;326,17;0;0;5;3;2;5;0;99;0
9036450;326,23;0;0;4;2;1;4;0;99;0
9037950;326,284;0;0;3;1;0;3;0;99;0
9039450;326,342;0;0;2;0;5;2;0;99;0
9040950;326,397;0;0;1;5;4;1;0;99;0
9042450;326,452;0;0;0;4;3;0;0;99;0
9043950;326,51;0;0;8;3;2;0;0;99;0
9045450;326,568;4;0;7;2;1;0;0;99;0
9046950;326,623;3;0;6;1;0;0;0;99;0
9048450;326,679;2;0;5;0;6;0;0;99;0
9049950;326,735;1;0;4;6;5;0;0;99;0
9051450;326,786;0;0;3;5;4;0;0;99;0
9052966;326,841;0;0;2;4;3;0;4;99;0
9054466;326,895;0;0;1;3;2;0;3;99;0
9055966;326,948;0;0;0;2;1;0;2;99;0
9057466;327,001;0;0;8;1;0;0;1;99;0
9058966;327,056;0;4;7;0;0;0;0;99;0
9060466;327,114;0;3;6;7;0;0;0;99;0
9061966;327,171;0;2;5;6;0;4;0;99;0
9063466;327,223;0;1;4;5;0;3;0;99;0
9064966;327,278;0;0;3;4;0;2;0;99;0
9066466;327,332;4;0;2;3;0;1;0;99;0
9067966;327,384;3;0;1;2;0;0;0;99;0
9069492;327,442;2;0;0;1;0;0;4;99;0
9070992;327,495;1;0;8;0;0;0;3;99;0
9072492;327,55;0;0;7;8;0;0;2;99;0
9073992;327,607;0;0;6;7;4;0;1;99;0
9075492;327,658;0;0;5;6;3;0;0;99;0
9076992;327,713;0;0;4;5;2;4;0;99;0
9078492;327,769;0;0;3;4;1;3;0;99;0
9079992;327,824;0;0;2;3;0;2;0;99;0
9081492;327,879;0;0;1;2;0;1;0;99;4
9082992;327,929;0;0;0;1;0;0;0;99;3
9084492;327,989;0;0;8;0;0;0;0;99;2
9086018;328,048;4;0;7;0;0;0;0;99;1
9087518;328,104;3;0;6;4;0;0;0;99;0
9089018;328,161;2;0;5;3;4;0;0;99;0
9090518;328,216;1;0;4;2;3;0;0;99;0
9092018;328,269;0;0;3;1;2;0;0;99;0
9093518;328,323;0;0;2;0;1;0;0;99;4
9095018;328,38;0;0;1;0;0;4;0;99;3
9096518;328,434;0;0;0;4;0;3;0;99;2
9098018;328,488;0;0;8;3;0;2;0;99;1
9099518;328,543;0;0;7;2;0;1;0;99;0
9101018;328,6;4;0;6;1;0;0;0;99;0
9102541;328,656;3;0;5;0;0;0;0;99;4
9104041;328,711;2;0;4;0;0;4;0;99;3
9105541;328,764;1;0;3;0;0;3;0;99;2
9107041;328,816;0;0;2;0;0;2;0;99;1
9108541;328,871;0;0;1;4;0;1;0;99;0
9110041;328,926;0;0;0;3;4;0;0;99;0
9111541;328,985;0;0;8;2;3;0;0;99;0
9113041;329,043;0;0;7;1;2;4;0;99;0
9114541;329,097;0;0;6;0;1;3;0;99;0
9116041;329,154;0;0;5;5;0;2;0;99;0
9117541;329,21;0;0;4;4;5;1;0;99;0
9119060;329,265;0;0;3;3;4;0;0;99;0
9120560;329,322;0;0;2;2;3;5;0;99;0
9122060;329,377;0;0;1;1;2;4;0;99;0
9123560;329,432;0;0;0;0;1;3;0;99;0
9125060;329,492;0;0;0;6;0;2;0;99;0
9126560;329,551;0;0;4;5;0;1;0;99;0
9128060;329,606;0;0;3;4;4;0;0;99;0
9129560;329,664;0;0;2;3;3;6;0;99;0
9131060;329,721;0;0;1;2;2;5;0;99;0
9132560;329,777;0;0;0;1;1;4;0;99;0
9134060;329,834;0;0;5;0;0;3;0;99;0
9135579;329,893;0;0;4;7;0;2;0;99;0
9137079;329,948;0;0;3;6;4;1;0;99;0
9138579;330,005;0;0;2;5;3;0;0;99;0
9140079;330,096;0;0;1;4;2;7;0;99;0
9141579;330,173;0;0;0;3;1;6;0;99;0
9143079;330,244;0;0;6;2;0;5;0;99;0
9144579;330,315;0;0;5;1;5;4;0;99;0
9146079;330,384;0;0;4;0;4;3;0;99;0
9147579;330,456;0;0;3;8;3;2;0;99;0
9149079;330,528;0;0;2;7;2;1;0;99;0
9150579;330,599;0;0;1;6;1;0;0;99;0
9152103;330,67;0;4;0;5;0;0;0;99;0
9153603;330,74;0;3;7;4;0;0;0;99;0
9155103;330,809;0;2;6;3;4;0;0;99;0
9156603;330,877;0;1;5;2;3;0;0;99;0
9158103;330,947;0;0;4;1;2;0;0;99;0
9159603;331,015;0;0;3;0;1;4;0;99;0
9161103;331,083;0;0;2;8;0;3;0;99;0
9162603;331,154;0;0;1;7;5;2;0;99;0
9164103;331,223;0;0;0;6;4;1;0;99;0
9165603;331,293;0;4;0;5;3;0;0;99;0
9167103;331,362;0;3;4;4;2;0;0;99;0
9168630;331,431;0;2;3;3;1;0;0;99;0
9170130;331,499;0;1;2;2;0;0;0;99;0
9171630;331,569;0;0;1;1;6;0;0;99;0
9173130;331,64;0;0;0;0;5;4;0;99;0
9174630;331,709;0;0;0;8;4;3;0;99;0
9176130;331,78;0;0;4;7;3;2;0;99;0
9177630;331,849;0;0;3;6;2;1;0;99;0
9179130;331,921;0;0;2;5;1;0;0;99;0
9180630;331,988;0;0;1;4;0;5;0;99;0
9182130;332,059;0;0;0;3;7;4;0;99;0
9183630;332,127;0;0;5;2;6;3;0;99;0
9185159;332,199;0;0;4;1;5;2;0;99;0
9186659;332,266;0;0;3;0;4;1;0;99;0
9188159;332,39;0;0;2;8;3;0;0;99;0
9189659;332,522;0;0;1;7;2;6;0;99;0
9191159;332,647;0;0;0;6;1;5;0;99;0
9192659;332,773;4;0;0;5;0;4;0;99;0
9194159;332,901;3;0;4;4;0;3;0;99;0
9195659;333,029;2;0;3;3;0;2;0;99;0
9197159;333,138;1;0;2;2;0;1;0;99;0
9198659;333,264;0;0;1;1;0;0;0;99;0
9200159;333,39;0;0;0;0;4;0;0;99;0
9202188;333,576;0;0;0;0;3;0;4;99;4
9203688;333,685;0;0;4;0;2;0;3;99;3
9205188;333,746;0;0;3;0;1;0;2;99;2
9206688;333,809;0;0;2;0;0;0;1;99;1
9208188;333,875;0;0;1;4;0;0;0;99;0
9209688;333,945;0;0;0;3;4;0;0;99;0
9211188;334,015;0;0;5;2;3;0;0;99;0
9212688;334,086;4;0;4;1;2;0;0;99;0
9214188;334,156;3;0;3;0;1;0;0;99;0
9215688;334,224;2;0;2;5;0;0;0;99;0
9217188;334,294;1;0;1;4;0;4;0;99;0
9218709;334,362;0;0;0;3;0;3;0;99;0
9220209;334,433;0;0;6;2;0;2;0;99;0
9221709;334,502;4;0;5;1;0;1;0;99;0
9223209;334,57;3;0;4;0;0;0;0;99;0
9224709;334,641;2;0;3;0;0;0;0;99;4
9226209;334,708;1;0;2;0;4;0;0;99;3
9227709;334,774;0;0;1;0;3;0;0;99;2
9229209;334,84;0;0;0;4;2;0;0;99;1
9230709;334,907;0;0;7;3;1;0;0;99;0
9232209;334,977;0;0;6;2;0;4;0;99;0
9233709;335,044;0;0;5;1;5;3;0;99;0
9235229;335,115;0;0;4;0;4;2;0;99;0
9236729;335,182;0;0;3;5;3;1;0;99;0
9238229;335,251;0;0;2;4;2;0;0;99;0
9239729;335,32;0;0;1;3;1;5;0;99;0
9241229;335,389;0;0;0;2;0;4;0;99;0
9242729;335,457;0;0;8;1;0;3;0;99;0
9244229;335,525;4;0;7;0;0;2;0;99;0
9245729;335,595;3;0;6;6;0;1;0;99;0
9247229;335,661;2;0;5;5;0;0;0;99;0
9248729;335,732;1;0;4;4;4;0;0;99;0
9250229;335,797;0;0;3;3;3;0;0;99;0
9251750;335,868;0;0;2;2;2;0;4;99;0
9253250;335,932;0;0;1;1;1;0;3;99;0
9254750;335,998;0;0;0;0;0;0;2;99;0
9256750;336,091;0;0;8;7;0;0;1;99;0
9258250;336,159;0;0;7;6;4;0;0;99;0
9259750;336,229;4;0;6;5;3;0;0;99;0
9261250;336,296;3;0;5;4;2;0;0;99;0
9262750;336,365;2;0;4;3;1;0;0;99;0
9264250;336,432;1;0;3;2;0;0;0;99;0
9265750;336,501;0;0;2;1;0;4;0;99;0
9267250;336,57;0;0;1;0;4;3;0;99;0
9268775;336,642;4;0;0;0;3;2;0;99;0
9270275;336,708;3;0;8;0;2;1;0;99;0
9271775;336,776;2;0;7;0;1;0;0;99;0
9273275;336,842;1;0;6;4;0;0;0;99;0
9274775;336,912;0;0;5;3;5;0;0;99;0
9276275;336,979;5;0;4;2;4;0;0;99;0
9277775;337,046;4;0;3;1;3;0;0;99;0
9279275;337,111;3;0;2;0;2;0;0;99;0
9280775;337,179;2;0;1;5;1;0;0;99;0
9282275;337,244;1;0;0;4;0;0;0;99;0
9283775;337,313;0;0;8;3;0;0;0;99;0
9285295;337,383;0;0;7;2;0;0;4;99;0
9286795;337,449;0;0;6;1;4;0;3;99;0
9288295;337,515;0;0;5;0;3;0;2;99;0
9289795;337,583;0;0;4;0;2;0;1;99;4
9291295;337,648;0;0;3;0;1;0;0;99;3
9292795;337,715;0;0;2;4;0;0;0;99;2
9294295;337,784;0;0;1;3;5;0;0;99;1
9295795;337,85;0;0;0;2;4;0;0;99;0
9297295;337,921;4;0;0;1;3;0;0;99;0
9298795;337,988;3;4;0;0;2;0;0;99;0
9300295;338,056;2;3;0;0;1;0;0;99;4
9301808;338,121;1;2;0;0;0;0;0;99;3
9303308;338,19;0;1;0;0;6;0;0;99;2
9304808;338,256;0;0;4;0;5;0;0;99;1
9306308;338,325;0;0;3;4;4;0;0;99;0
9307808;338,392;4;0;2;3;3;0;0;99;0
9309308;338,461;3;0;1;2;2;0;0;99;0
9310808;338,528;2;0;0;1;1;0;0;99;0
9312308;338,598;1;0;5;0;0;0;0;99;0
9313808;338,666;0;0;4;5;0;0;0;99;0
9315308;338,737;0;0;3;4;0;4;0;99;0
9316808;338,807;4;0;2;3;0;3;0;99;0
9318328;338,878;3;0;1;2;0;2;0;99;0
9319828;338,945;2;0;0;1;0;1;0;99;0
9321328;339,015;1;0;6;0;0;0;0;99;0
9322828;339,085;0;0;5;6;0;0;0;99;0
9324328;339,157;5;0;4;5;0;0;0;99;0
9325828;339,223;4;0;3;4;4;0;0;99;0
9327328;339,29;3;0;2;3;3;0;0;99;0
9328828;339,358;2;0;1;2;2;0;0;99;0
9330328;339,425;1;0;0;1;1;0;0;99;0
9331828;339,492;0;0;7;0;0;0;0;99;0
9333828;339,588;0;0;6;0;5;4;0;99;0
9335345;339,657;0;0;5;0;4;3;0;99;4
9336845;339,724;0;0;4;0;3;2;0;99;3
9338345;339,791;0;0;3;0;2;1;0;99;2
9339845;339,858;0;0;2;0;1;0;0;99;1
9341345;339,925;0;0;1;4;0;0;0;99;0
9342845;339,996;0;0;0;3;0;0;0;99;5
9344345;340,064;0;0;8;2;0;0;0;99;4
9345845;340,133;0;0;7;1;4;0;0;99;3
9347345;340,199;0;0;6;0;3;0;0;99;2
9348845;340,268;0;0;5;5;2;0;0;99;1
9350345;340,333;0;0;4;4;1;0;0;99;0
9351864;340,403;0;4;3;3;0;0;0;99;0
9353364;340,47;0;3;2;2;5;0;0;99;0
9354864;340,54;0;2;1;1;4;0;0;99;0
9356364;340,607;0;1;0;0;3;0;0;99;0
9357864;340,678;0;0;0;6;2;0;0;99;0
9359364;340,747;0;0;4;5;1;0;0;99;0
9360864;340,816;4;0;3;4;0;0;0;99;0
9362364;340,884;3;0;2;3;6;0;0;99;0
9363864;340,952;2;0;1;2;5;0;0;99;0
9365364;341,018;1;0;0;1;4;0;0;99;0
9366864;341,087;0;0;5;0;3;0;0;99;0
9368387;341,157;0;0;4;0;2;0;4;99;0
9369887;341,225;0;0;3;4;1;0;3;99;0
9371387;341,289;0;0;2;3;0;0;2;99;0
9372887;341,357;0;0;1;2;7;0;1;99;0
9374387;341,42;0;0;0;1;6;0;0;99;0
9375887;341,491;0;0;6;0;5;0;0;99;0
9377387;341,562;0;0;5;5;4;0;0;99;0
9378887;341,631;0;0;4;4;3;4;0;99;0
9380387;341,698;0;0;3;3;2;3;0;99;0
9381887;341,766;0;0;2;2;1;2;0;99;0
9383387;341,834;0;0;1;1;0;1;0;99;0
9384908;341,904;4;0;0;0;0;0;0;99;0
9386908;341,999;3;4;0;0;0;0;0;99;4
9388408;342,066;2;3;0;0;0;4;0;99;3
9389908;342,13;1;2;0;0;0;3;0;99;2
9391408;342,195;0;1;0;0;0;2;0;99;1
9392908;342,26;0;0;4;0;0;1;0;99;0
9394408;342,331;0;0;3;4;0;0;0;99;0
9395908;342,401;4;0;2;3;0;0;0;99;0
9397408;342,471;3;4;1;2;0;0;0;99;0
9398908;342,538;2;3;0;1;0;0;0;99;0
9400408;342,609;1;2;5;0;0;0;0;99;0
9401929;342,678;0;1;4;5;0;0;0;99;0
9403429;342,747;0;0;3;4;4;0;0;99;0
9404929;342,816;0;0;2;3;3;4;0;99;0
9406429;342,887;0;0;1;2;2;3;0;99;0
9407929;342,955;0;0;0;1;1;2;0;99;0
9409429;343,025;0;0;6;0;0;1;0;99;0
9410929;343,094;0;0;5;6;0;0;0;99;0
9412429;343,165;0;0;4;5;4;0;0;99;0
9413929;343,234;4;0;3;4;3;0;0;99;0
9415429;343,303;3;0;2;3;2;0;0;99;0
9416929;343,37;2;0;1;2;1;0;0;99;0
9418450;343,441;1;0;0;1;0;0;0;99;0
9419950;343,511;0;0;7;0;0;0;0;99;0
9421950;343,609;0;0;6;0;4;4;0;99;0
9423450;343,677;0;0;5;4;3;3;0;99;0
9424950;343,746;0;0;4;3;2;2;0;99;0
9426450;343,815;0;0;3;2;1;1;0;99;0
9427950;343,883;0;0;2;1;0;0;0;99;0
9429450;343,955;0;0;1;0;5;0;0;99;0
9430950;344,024;0;0;0;5;4;0;0;99;0
9432450;344,095;0;0;0;4;3;4;0;99;0
9433950;344,162;0;0;4;3;2;3;0;99;0
9435469;344,233;0;0;3;2;1;2;0;99;0
9436969;344,302;0;0;2;1;0;1;0;99;0
9438469;344,371;0;0;1;0;6;0;0;99;0
9439969;344,442;0;0;0;6;5;0;0;99;0
9441469;344,511;0;0;5;5;4;0;0;99;0
9442969;344,583;0;4;4;4;3;0;0;99;0
9444469;344,649;0;3;3;3;2;0;0;99;0
9445969;344,717;0;2;2;2;1;0;0;99;0
9447469;344,783;0;1;1;1;0;0;0;99;0
9448969;344,853;0;0;0;0;7;0;0;99;0
9450969;344,948;0;0;6;7;6;0;0;99;0
9452486;345,02;0;4;5;6;5;0;0;99;0
9453986;345,085;0;3;4;5;4;0;0;99;0
9455486;345,153;0;2;3;4;3;0;0;99;0
9456986;345,22;0;1;2;3;2;0;0;99;0
9458486;345,289;0;0;1;2;1;0;0;99;0
9459986;345,359;4;0;0;1;0;0;0;99;0
9461486;345,427;3;0;7;0;0;0;0;99;0
9462986;345,496;2;0;6;8;0;0;0;99;0
9464486;345,566;1;0;5;7;4;0;0;99;0
9465986;345,634;0;0;4;6;3;0;0;99;0
9467486;345,702;0;0;3;5;2;4;0;99;0
9469008;345,773;0;0;2;4;1;3;0;99;0
9470508;345,841;0;0;1;3;0;2;0;99;0
9472008;345,911;0;0;0;2;5;1;0;99;0
9473508;345,98;0;0;8;1;4;0;0;99;0
9475008;346,049;0;0;7;0;3;5;0;99;0
9476508;346,118;0;0;6;8;2;4;0;99;0
9478008;346,189;0;0;5;7;1;3;0;99;0
9479508;346,257;0;0;4;6;0;2;0;99;0
9481008;346,326;0;0;3;5;6;1;0;99;0
9482508;346,395;0;0;2;4;5;0;0;99;0
9484008;346,465;0;0;1;3;4;6;0;99;0
9485536;346,538;0;0;0;2;3;5;0;99;0
9487036;346,608;0;0;8;1;2;4;0;99;0
9488536;346,675;0;0;7;0;1;3;0;99;0
9490036;346,744;0;0;6;8;0;2;0;99;0
9491536;346,814;0;0;5;7;7;1;0;99;0
9493036;346,883;0;0;4;6;6;0;0;99;0
9494536;346,953;4;0;3;5;5;0;0;99;0
9496036;347,019;3;0;2;4;4;0;0;99;0
9497536;347,087;2;0;1;3;3;0;0;99;0
9499036;347,154;1;0;0;2;2;0;0;99;0
9500536;347,222;0;0;8;1;1;0;0;99;0
9502057;347,293;0;0;7;0;0;0;0;99;4
9503557;347,362;0;0;6;8;0;0;0;99;3
9505057;347,428;0;0;5;7;4;0;0;99;2
9506557;347,496;0;0;4;6;3;0;0;99;1
9508057;347,564;0;0;3;5;2;0;0;99;0
9509557;347,634;0;4;2;4;1;0;0;99;0
9511057;347,702;0;3;1;3;0;0;0;99;0
9512557;347,771;0;2;0;2;5;0;0;99;0
9514057;347,837;0;1;8;1;4;0;0;99;0
9515557;347,906;0;0;7;0;3;0;0;99;0
9517057;347,975;0;0;6;8;2;0;0;99;0
9518578;348,047;0;4;5;7;1;0;0;99;0
9520078;348,114;0;3;4;6;0;0;0;99;0
9521578;348,184;0;2;3;5;6;0;0;99;0
9523078;348,25;0;1;2;4;5;0;0;99;0
9524578;348,318;0;0;1;3;4;0;0;99;0
9526078;348,386;4;0;0;2;3;0;0;99;0
9527578;348,454;3;0;8;1;2;0;0;99;0
9529078;348,52;2;0;7;0;1;0;0;99;0
9530578;348,591;1;0;6;0;0;4;0;99;0
9532078;348,658;0;0;5;4;0;3;0;99;0
9533578;348,728;0;0;4;3;4;2;0;99;0
9535100;348,797;0;0;3;2;3;1;0;99;0
9536600;348,865;0;0;2;1;2;0;0;99;0
9538100;348,933;4;0;1;0;1;0;0;99;0
9539600;349,001;3;0;0;5;0;0;0;99;0
9541100;349,069;2;0;8;4;0;0;0;99;0
9542600;349,136;1;0;7;3;4;0;0;99;0
9544100;349,203;0;0;6;2;3;0;0;99;0
9545600;349,272;5;0;5;1;2;0;0;99;0
9547100;349,338;4;0;4;0;1;0;0;99;0
9548600;349,407;3;0;3;6;0;0;0;99;0
9550100;349,476;2;0;2;5;5;0;0;99;0
9551615;349,547;1;0;1;4;4;0;0;99;0
9553115;349,614;0;0;0;3;3;0;0;99;0
9554615;349,683;0;0;8;2;2;0;0;99;0
9556115;349,754;0;4;7;1;1;0;0;99;0
9557615;349,819;0;3;6;0;0;0;0;99;0
9559115;349,889;0;2;5;7;0;0;0;99;0
9560615;349,958;0;1;4;6;4;0;0;99;0
9562115;350,023;0;0;3;5;3;0;0;99;0
9563615;350,092;0;0;2;4;2;4;0;99;0
9565115;350,162;0;0;1;3;1;3;0;99;0
9566615;350,231;0;0;0;2;0;2;0;99;0
9568134;350,303;0;0;0;1;5;1;0;99;0
9569634;350,37;0;0;4;0;4;0;0;99;0
9571134;350,441;0;0;3;8;3;0;0;99;0
9572634;350,509;4;0;2;7;2;0;0;99;0
9574134;350,576;3;0;1;6;1;0;0;99;0
9575634;350,644;2;0;0;5;0;0;0;99;0
9577134;350,711;1;0;5;4;0;0;0;99;0
9578634;350,78;0;4;4;3;0;0;0;99;0
9580134;350,848;0;3;3;2;4;0;0;99;0
9581634;350,916;0;2;2;1;3;0;0;99;0
9583134;350,983;0;1;1;0;2;0;0;99;0
9584651;351,053;0;0;0;8;1;0;0;99;0
9586151;351,122;0;0;6;7;0;0;0;99;0
9587651;351,192;4;0;5;6;0;0;0;99;0
9589151;351,258;3;0;4;5;4;0;0;99;0
9590651;351,325;2;0;3;4;3;0;0;99;0
9592151;351,391;1;0;2;3;2;0;0;99;0
9593651;351,458;0;0;1;2;1;0;0;99;0
9595151;351,526;5;0;0;1;0;0;0;99;0
9596651;351,597;4;0;7;0;0;0;0;99;0
9598151;351,664;3;0;6;8;0;0;0;99;0
9599651;351,731;2;0;5;7;4;0;0;99;0
9601176;351,798;1;0;4;6;3;0;0;99;0
9602676;351,865;0;0;3;5;2;0;0;99;0
9604176;351,933;6;0;2;4;1;0;0;99;0
9605676;352,002;5;0;1;3;0;0;0;99;0
9607176;352,07;4;0;0;2;5;0;0;99;0
9608676;352,137;3;0;8;1;4;0;0;99;0
9610176;352,206;2;0;7;0;3;0;0;99;0
9611676;352,275;1;0;6;8;2;0;0;99;0
9613176;352,343;0;0;5;7;1;0;0;99;0
9614676;352,412;7;0;4;6;0;0;0;99;0
9616176;352,478;6;0;3;5;6;0;0;99;0
9617693;352,548;5;0;2;4;5;0;0;99;0
9619193;352,614;4;0;1;3;4;0;0;99;0
9620693;352,682;3;0;0;2;3;0;0;99;0
9622193;352,748;2;0;8;1;2;0;0;99;0
9623693;352,816;1;0;7;0;1;0;0;99;0
9625193;352,883;0;0;6;8;0;0;0;99;0
9626693;352,954;0;0;5;7;7;0;0;99;0
9628193;353,021;0;0;4;6;6;4;0;99;0
9629693;353,089;0;0;3;5;5;3;0;99;0
9631193;353,159;0;0;2;4;4;2;0;99;0
9632693;353,227;0;0;1;3;3;1;0;99;0
9634214;353,297;0;0;0;2;2;0;0;99;0
9635714;353,366;0;0;8;1;1;0;0;99;0
9637214;353,436;0;0;7;0;0;4;0;99;0
9638714;353,506;0;0;6;8;0;3;0;99;0
9640214;353,58;0;4;5;7;0;2;0;99;0
9641714;353,649;0;3;4;6;0;1;0;99;0
9643214;353,716;0;2;3;5;0;0;0;99;0
9644714;353,783;0;1;2;4;4;0;0;99;0
9646214;353,851;0;0;1;3;3;0;0;99;0
9647714;353,92;4;0;0;2;2;0;0;99;0
9649214;353,989;3;0;8;1;1;0;0;99;0
9650745;354,056;2;0;7;0;0;0;0;99;0
9652245;354,127;1;0;6;8;0;0;0;99;0
9653745;354,193;0;0;5;7;4;0;0;99;0
9655245;354,264;0;0;4;6;3;4;0;99;0
9656745;354,332;0;0;3;5;2;3;0;99;0
9658245;354,401;0;0;2;4;1;2;0;99;0
9659745;354,469;0;0;1;3;0;1;0;99;0
9661245;354,54;0;0;0;2;5;0;0;99;0
9662745;354,612;0;0;8;1;4;0;0;99;0
9664245;354,683;0;0;7;0;3;4;0;99;0
9665745;354,752;0;0;6;8;2;3;0;99;0
9667262;354,823;0;0;5;7;1;2;0;99;0
9668762;354,892;0;0;4;6;0;1;0;99;0
9670262;354,961;0;0;3;5;6;0;0;99;0
9671762;355,029;0;0;2;4;5;5;0;99;0
9673262;355,098;0;0;1;3;4;4;0;99;0
9674762;355,167;0;0;0;2;3;3;0;99;0
9676262;355,236;0;0;8;1;2;2;0;99;0
9677762;355,304;0;0;7;0;1;1;0;99;0
9679262;355,373;0;0;6;8;0;0;0;99;0
9680762;355,443;0;0;5;7;7;0;0;99;0
9682262;355,509;0;0;4;6;6;4;0;99;0
9683787;355,583;0;0;3;5;5;3;0;99;0
9685287;355,652;0;0;2;4;4;2;0;99;0
9686787;355,721;0;0;1;3;3;1;0;99;0
9688287;355,791;0;0;0;2;2;0;0;99;0
9689787;355,86;0;0;8;1;1;0;0;99;0
9691287;355,927;4;0;7;0;0;0;0;99;0
9692787;355,997;3;0;6;8;0;0;0;99;0
9694287;356,064;2;0;5;7;0;4;0;99;0
9695787;356,129;1;0;4;6;0;3;0;99;0
9697287;356,196;0;0;3;5;0;2;0;99;0
9698787;356,263;0;0;2;4;4;1;0;99;0
9700306;356,334;0;0;1;3;3;0;0;99;0
9701806;356,404;0;0;0;2;2;5;0;99;0
9703306;356,472;0;0;8;1;1;4;0;99;0
9704806;356,539;0;0;7;0;0;3;0;99;0
9706306;356,611;0;0;6;8;0;2;0;99;0
9707806;356,678;0;0;5;7;4;1;0;99;0
9709306;356,747;0;0;4;6;3;0;0;99;0
9710806;356,817;4;0;3;5;2;0;0;99;0
9712306;356,883;3;0;2;4;1;0;0;99;0
9713806;356,949;2;0;1;3;0;0;0;99;0
9715306;357,015;1;0;0;2;5;0;0;99;0
9716828;357,084;0;0;0;1;4;0;4;99;0
9718328;357,15;0;0;4;0;3;0;3;99;0
9719828;357,218;0;0;3;8;2;0;2;99;0
9721328;357,283;0;0;2;7;1;0;1;99;0
9722828;357,349;0;0;1;6;0;0;0;99;0
9724328;357,419;0;0;0;5;6;0;0;99;0
9725828;357,487;0;0;5;4;5;0;0;99;0
9727328;357,557;0;0;4;3;4;4;0;99;0
9728828;357,627;0;0;3;2;3;3;0;99;0
9730328;357,696;0;0;2;1;2;2;0;99;0
9731828;357,765;0;0;1;0;1;1;0;99;0
9733345;357,836;0;4;0;0;0;0;0;99;0
9735345;357,93;0;3;6;4;0;0;0;99;0
9736845;357,997;0;2;5;3;4;0;0;99;0
9738345;358,065;0;1;4;2;3;0;0;99;0
9739845;358,132;0;0;3;1;2;0;0;99;0
9741345;358,2;4;0;2;0;1;0;0;99;0
9742845;358,268;3;0;1;5;0;0;0;99;0
9744345;358,335;2;0;0;4;5;0;0;99;0
9745845;358,4;1;0;7;3;4;0;0;99;0
9747345;358,467;0;0;6;2;3;0;0;99;0
9748845;358,534;0;0;5;1;2;4;0;99;0
9750361;358,606;0;0;4;0;1;3;0;99;0
9751861;358,676;0;0;3;6;0;2;0;99;0
9753361;358,744;0;0;2;5;6;1;0;99;0
9754861;358,812;0;0;1;4;5;0;0;99;0
9756361;358,882;0;0;0;3;4;5;0;99;0
9757861;358,951;0;0;8;2;3;4;0;99;0
9759361;359,021;0;0;7;1;2;3;0;99;0
9760861;359,089;0;0;6;0;1;2;0;99;0
9762361;359,157;0;0;5;7;0;1;0;99;0
9763861;359,227;0;0;4;6;7;0;0;99;0
9765361;359,294;0;0;3;5;6;6;0;99;0
9766884;359,366;0;0;2;4;5;5;0;99;0
9768384;359,435;0;0;1;3;4;4;0;99;0
9769884;359,504;0;0;0;2;3;3;0;99;0
9771384;359,576;4;0;0;1;2;2;0;99;0
9772884;359,641;3;0;0;0;1;1;0;99;0
9774384;359,708;2;0;4;0;0;0;0;99;0
9775884;359,775;1;0;3;0;8;0;0;99;0
9777384;359,844;0;0;2;4;7;0;0;99;0
9778884;359,912;5;0;1;3;6;0;0;99;0
9780384;359,978;4;0;0;2;5;0;0;99;0
9781884;360,046;3;0;5;1;4;0;0;99;0
9783403;360,115;2;0;4;0;3;0;0;99;0
9784903;360,184;1;0;3;5;2;0;0;99;0
9786403;360,25;0;0;2;4;1;0;0;99;0
9787903;360,32;0;0;1;3;0;4;0;99;0
9789403;360,389;0;0;0;2;8;3;0;99;0
9790903;360,459;4;0;0;1;7;2;0;99;0
9792403;360,525;3;0;0;0;6;1;0;99;0
9793903;360,594;2;0;4;0;5;0;0;99;0
9795403;360,662;1;0;3;4;4;0;0;99;0
9796903;360,73;0;0;2;3;3;0;0;99;0
9798403;360,799;0;0;1;2;2;4;0;99;0
9799922;360,869;0;0;0;1;1;3;0;99;0
9801422;360,938;0;0;5;0;0;2;0;99;0
9802922;361,007;0;0;4;5;0;1;0;99;0
9804422;361,075;0;0;3;4;4;0;0;99;0
9805922;361,145;4;0;2;3;3;0;0;99;0
9807422;361,21;3;0;1;2;2;0;0;99;0
9808922;361,275;2;0;0;1;1;0;0;99;0
9810422;361,344;1;0;6;0;0;0;0;99;0
9811922;361,412;0;0;5;6;0;0;0;99;0
9813422;361,482;0;0;4;5;4;0;0;99;0
9814922;361,551;0;0;3;4;3;4;0;99;0
9816445;361,622;0;0;2;3;2;3;0;99;0
9817945;361,692;0;0;1;2;1;2;0;99;0
9819445;361,759;0;0;0;1;0;1;0;99;0
9820945;361,829;0;0;0;0;5;0;0;99;0
9822945;361,922;0;0;4;7;4;0;0;99;0
9824445;361,991;4;0;3;6;3;0;0;99;0
9825945;362,058;3;0;2;5;2;0;0;99;0
9827445;362,126;2;0;1;4;1;0;0;99;0
9828945;362,192;1;0;0;3;0;0;0;99;0
9830445;362,262;0;0;5;2;0;0;0;99;0
9831945;362,332;0;0;4;1;4;0;0;99;0
9833466;362,402;0;4;3;0;3;0;0;99;0
9834966;362,47;0;3;2;8;2;0;0;99;0
9836466;362,537;0;2;1;7;1;0;0;99;0
9837966;362,607;0;1;0;6;0;0;0;99;0
9839466;362,675;0;0;6;5;0;0;0;99;0
9840966;362,746;4;0;5;4;0;0;0;99;0
9842466;362,812;3;4;4;3;0;0;0;99;0
9843966;362,879;2;3;3;2;0;0;0;99;0
9845466;362,943;1;2;2;1;0;0;0;99;0
9846966;363,01;0;1;1;0;0;0;0;99;0
9848466;363,078;0;0;0;8;0;0;0;99;0
9850500;363,176;0;0;7;7;0;0;4;99;0
9852000;363,244;4;0;6;6;0;0;3;99;0
9853500;363,306;3;0;5;5;0;0;2;99;0
9855000;363,37;2;0;4;4;0;0;1;99;0
9856500;363,435;1;0;3;3;0;0;0;99;0
9858000;363,501;0;0;2;2;4;0;0;99;0
9859500;363,572;5;0;1;1;3;0;0;99;0
9861000;363,637;4;0;0;0;2;0;0;99;0
9862500;363,705;3;0;8;0;1;0;0;99;0
9864000;363,771;2;0;7;4;0;0;0;99;0
9865500;363,838;1;0;6;3;0;4;0;99;0
9867025;363,905;0;0;5;2;0;3;0;99;0
9868525;363,975;0;0;4;1;4;2;0;99;0
9870025;364,043;0;0;3;0;3;1;0;99;0
9871525;364,112;4;0;2;0;2;0;0;99;0
9873025;364,18;3;0;1;4;1;0;0;99;0
9874525;364,248;2;0;0;3;0;0;0;99;0
9876025;364,319;1;0;8;2;0;0;0;99;0
9877525;364,389;0;0;7;1;4;0;0;99;0
9879025;364,457;5;0;6;0;3;0;0;99;0
9880525;364,526;4;4;5;0;2;0;0;99;0
9882025;364,594;3;3;4;0;1;0;0;99;0
9883544;364,663;2;2;3;0;0;0;0;99;0
9885044;364,732;1;1;2;0;0;0;0;99;4
9886544;364,799;0;0;1;0;0;0;0;99;3
9888044;364,868;0;0;0;4;0;0;0;99;2
9889544;364,938;0;0;8;3;0;0;0;99;1
9891044;365,006;4;0;7;2;0;0;0;99;0
9892544;365,073;3;0;6;1;0;4;0;99;0
9894044;365,14;2;0;5;0;0;3;0;99;0
9895544;365,207;1;0;4;5;0;2;0;99;0
9897044;365,274;0;0;3;4;0;1;0;99;0
9898544;365,343;0;0;2;3;4;0;0;99;0
9900065;365,413;0;0;1;2;3;0;0;99;4
9901565;365,48;0;0;0;1;2;0;0;99;3
9903065;365,548;0;0;8;0;1;0;0;99;2
9904565;365,618;0;0;7;6;0;0;0;99;1
9906065;365,685;0;0;6;5;0;4;0;99;0
9907565;365,755;4;0;5;4;0;3;0;99;0
9909065;365,821;3;0;4;3;0;2;0;99;0
9910565;365,891;2;0;3;2;0;1;0;99;0
9912065;365,958;1;0;2;1;0;0;0;99;0
9913565;366,026;0;0;1;0;0;5;0;99;0
9915065;366,094;0;0;0;7;0;4;0;99;0
9916590;366,167;4;0;0;6;0;3;0;99;0
9918090;366,233;3;0;4;5;0;2;0;99;0
9919590;366,299;2;0;3;4;0;1;0;99;0
9921090;366,367;1;0;2;3;0;0;0;99;0
9922590;366,434;0;0;1;2;4;0;0;99;0
9924090;366,504;0;0;0;1;3;4;0;99;0
9925590;366,574;0;0;5;0;2;3;0;99;0
9927090;366,643;4;0;4;0;1;2;0;99;0
9928590;366,711;3;0;3;0;0;1;0;99;0
9930090;366,781;2;0;2;4;0;0;0;99;0
9931590;366,85;1;0;1;3;0;5;0;99;0
9933107;366,92;0;0;0;2;0;4;0;99;0
9934607;366,988;0;0;6;1;0;3;0;99;0
9936107;367,058;4;0;5;0;0;2;0;99;0
9937607;367,125;3;0;4;0;0;1;0;99;4
9939107;367,189;2;0;3;0;0;0;0;99;3
9940607;367,255;1;0;2;0;0;6;0;99;2
9942107;367,32;0;0;1;0;0;5;0;99;1
9943607;367,387;0;0;0;4;0;4;0;99;0
9945107;367,457;0;0;7;3;0;3;0;99;0
9946607;367,525;0;0;6;2;4;2;0;99;0
9948107;367,595;0;0;5;1;3;1;0;99;0
9949628;367,669;0;0;4;0;2;0;0;99;0
9951128;367,738;0;0;3;5;1;0;0;99;0
9952628;367,806;4;0;2;4;0;0;0;99;0
9954128;367,875;3;0;1;3;0;4;0;99;0
9955628;367,942;2;0;0;2;0;3;0;99;0
9957128;368,01;1;0;8;1;0;2;0;99;0
9958628;368,078;0;0;7;0;0;1;0;99;0
9960128;368,149;5;0;6;0;0;0;0;99;0
9961628;368,216;4;0;5;4;0;0;0;99;0
9963128;368,283;3;0;4;3;4;0;0;99;0
9964628;368,349;2;0;3;2;3;0;0;99;0
9966145;368,416;1;0;2;1;2;0;0;99;0
9967645;368,482;0;0;1;0;1;0;0;99;0
9969145;368,552;0;0;0;5;0;0;0;99;0
9971145;368,65;0;0;8;4;5;0;0;99;0
9972645;368,718;0;0;7;3;4;4;0;99;0
9974145;368,786;0;0;6;2;3;3;0;99;0
9975645;368,856;0;0;5;1;2;2;0;99;0
9977145;368,924;0;0;4;0;1;1;0;99;0
9978645;368,992;0;0;3;6;0;0;0;99;0
9980145;369,064;0;0;2;5;0;5;0;99;0
9981645;369,132;4;0;1;4;0;4;0;99;0
9983165;369,199;3;0;0;3;0;3;0;99;0
9984665;369,267;2;0;8;2;0;2;0;99;0
9986165;369,334;1;0;7;1;0;1;0;99;0
9987665;369,401;0;0;6;0;0;0;0;99;0
9989665;369,498;0;0;5;7;4;0;0;99;0
9991165;369,567;0;0;4;6;3;4;0;99;0
9992665;369,638;0;0;3;5;2;3;0;99;0
9994165;369,706;0;0;2;4;1;2;0;99;0
9995665;369,774;0;0;1;3;0;1;0;99;0
9997165;369,845;0;0;0;2;5;0;0;99;0
9998665;369,916;0;0;8;1;4;0;0;99;0
10000188;369,985;0;0;7;0;3;0;4;99;0
10001688;370,053;0;0;6;8;2;0;3;99;0
10003188;370,117;0;0;5;7;1;0;2;99;0
10004688;370,184;0;0;4;6;0;0;1;99;0
10006188;370,251;4;0;3;5;0;0;0;99;0
10007688;370,317;3;0;2;4;4;0;0;99;0
10009188;370,384;2;0;1;3;3;0;0;99;0
10010688;370,45;1;0;0;2;2;0;0;99;0
10012188;370,517;0;0;8;1;1;0;0;99;0
10013688;370,587;5;0;7;0;0;0;0;99;0
10015188;370,655;4;4;6;0;0;0;0;99;0
10016712;370,726;3;3;5;0;0;0;0;99;4
10018212;370,79;2;2;4;0;0;0;0;99;3
10019712;370,857;1;1;3;0;0;0;0;99;2
10021212;370,921;0;0;2;0;0;0;0;99;1
10022712;370,991;0;0;1;4;0;0;0;99;0
10024212;371,061;0;0;0;3;0;4;0;99;0
10025712;371,13;0;0;8;2;0;3;0;99;0
10027212;371,201;0;0;7;1;4;2;0;99;0
10028712;371,27;0;0;6;0;3;1;0;99;0
10030212;371,34;0;0;5;5;2;0;0;99;0
10031712;371,408;0;0;4;4;1;5;0;99;0
10033229;371,48;0;0;3;3;0;4;0;99;0
10034729;371,549;4;0;2;2;0;3;0;99;0
10036229;371,617;3;0;1;1;0;2;0;99;0
10037729;371,684;2;0;0;0;0;1;0;99;0
10039229;371,75;1;0;8;0;0;0;0;99;0
10040729;371,819;0;0;7;4;0;0;0;99;0
10042229;371,888;5;0;6;3;0;0;0;99;0
10043729;371,956;4;4;5;2;0;0;0;99;0
10045229;372,021;3;3;4;1;0;0;0;99;0
10046729;372,089;2;2;3;0;0;0;0;99;0
10048229;372,155;1;1;2;5;0;0;0;99;0
10049759;372,22;0;0;1;4;0;0;0;99;0
10051259;372,293;0;0;0;3;4;0;0;99;0
10052759;372,362;0;0;8;2;3;0;0;99;0
10054259;372,43;4;0;7;1;2;0;0;99;0
10055759;372,497;3;0;6;0;1;0;0;99;0
10057259;372,563;2;4;5;0;0;0;0;99;0
10058759;372,631;1;3;4;0;0;4;0;99;0
10060259;372,697;0;2;3;0;0;3;0;99;0
10061759;372,766;0;1;2;4;0;2;0;99;0
10063259;372,833;0;0;1;3;0;1;0;99;0
10064759;372,901;0;0;0;2;4;0;0;99;0
10066280;372,972;0;0;8;1;3;0;0;99;0
10067780;373,042;4;0;7;0;2;0;0;99;0
10069280;373,107;3;0;6;5;1;0;0;99;0
10070780;373,172;2;0;5;4;0;0;0;99;0
10072280;373,24;1;0;4;3;5;0;0;99;0
10073780;373,304;0;0;3;2;4;0;0;99;0
10075280;373,373;5;0;2;1;3;0;0;99;0
10076780;373,44;4;0;1;0;2;0;0;99;0
10078280;373,507;3;0;0;6;1;0;0;99;0
10079780;373,575;2;0;8;5;0;0;0;99;0
10081280;373,645;1;0;7;4;6;0;0;99;0
10082807;373,716;0;0;6;3;5;0;0;99;0
10084307;373,784;0;0;5;2;4;4;0;99;0
10085807;373,853;0;0;4;1;3;3;0;99;0
10087307;373,922;0;0;3;0;2;2;0;99;0
10088807;373,991;0;0;2;7;1;1;0;99;0
10090307;374,058;0;0;1;6;0;0;0;99;0
10091807;374,13;0;0;0;5;7;0;0;99;0
10093307;374,199;0;0;8;4;6;0;0;99;0
10094807;374,267;0;0;7;3;5;4;0;99;0
10096307;374,337;0;0;6;2;4;3;0;99;0
10097807;374,405;0;0;5;1;3;2;0;99;0
10099334;374,476;0;0;4;0;2;1;0;99;0
10100834;374,544;0;0;3;8;1;0;0;99;0
10102334;374,615;4;0;2;7;0;0;0;99;0
10103834;374,684;3;4;1;6;0;0;0;99;0
10105334;374,75;2;3;0;5;0;0;0;99;0
10106834;374,816;1;2;0;4;0;0;0;99;4
10108334;374,882;0;1;0;3;0;0;0;99;3
10109834;374,95;0;0;4;2;0;0;0;99;2
10111334;375,018;0;0;3;1;4;0;0;99;1
10112834;375,084;0;0;2;0;3;0;0;99;0
10114334;375,153;0;0;1;8;2;0;0;99;0
10115853;375,224;0;0;0;7;1;0;4;99;0
10117353;375,29;0;0;5;6;0;0;3;99;0
10118853;375,358;0;4;4;5;0;0;2;99;0
10120353;375,422;0;3;3;4;0;0;1;99;0
10121853;375,486;0;2;2;3;0;0;0;99;0
10123353;375,557;0;1;1;2;4;0;0;99;0
10124853;375,625;0;0;0;1;3;0;0;99;0
10126353;375,695;4;0;0;0;2;0;0;99;0
10127853;375,762;3;0;4;0;1;0;0;99;0
10129353;375,83;2;0;3;4;0;0;0;99;0
10130853;375,897;1;0;2;3;5;0;0;99;0
10132371;375,966;0;0;1;2;4;0;0;99;0
10133871;376,035;5;0;0;1;3;0;0;99;0
10135371;376,103;4;0;0;0;2;4;0;99;0
10136871;376,167;3;0;4;0;1;3;0;99;0
10138371;376,234;2;0;3;0;0;2;0;99;0
10139871;376,299;1;0;2;4;0;1;0;99;0
10141371;376,367;0;0;1;3;0;0;0;99;0
10142871;376,438;0;0;0;2;0;5;0;99;0
10144371;376,509;4;0;0;1;0;4;0;99;0
10145871;376,576;3;0;0;0;0;3;0;99;4
10147371;376,645;2;0;0;5;0;2;0;99;3
10148892;376,712;1;0;0;4;0;1;0;99;2
10150392;376,78;0;0;0;3;0;0;0;99;1
10151892;376,849;0;0;4;2;0;0;0;99;0
10153392;376,92;0;0;3;1;4;0;0;99;0
10154892;376,988;0;0;2;0;3;4;0;99;0
10156392;377,056;0;0;1;6;2;3;0;99;0
10157892;377,126;0;0;0;5;1;2;0;99;0
10159392;377,194;0;0;5;4;0;1;0;99;0
10160892;377,266;0;0;4;3;5;0;0;99;0
10162392;377,335;0;0;3;2;4;5;0;99;0
10163892;377,406;0;0;2;1;3;4;0;99;0
10165412;377,477;0;0;1;0;2;3;0;99;0
10166912;377,545;0;0;0;7;1;2;0;99;0
10168412;377,615;0;0;6;6;0;1;0;99;0
10169912;377,684;4;0;5;5;0;0;0;99;0
10171412;377,752;3;0;4;4;4;0;0;99;0
10172912;377,817;2;0;3;3;3;0;0;99;0
10174412;377,884;1;0;2;2;2;0;0;99;0
10175912;377,95;0;0;1;1;1;0;0;99;0
10177412;378,019;5;0;0;0;0;0;0;99;0
10179412;378,109;4;0;7;8;0;0;0;99;0
10180912;378,177;3;0;6;7;4;0;0;99;0
10182436;378,243;2;0;5;6;3;0;0;99;0
10183936;378,309;1;0;4;5;2;0;0;99;0
10185436;378,374;0;0;3;4;1;0;0;99;0
10186936;378,442;6;0;2;3;0;0;0;99;0
10188436;378,508;5;0;1;2;5;0;0;99;0
10189936;378,575;4;0;0;1;4;0;0;99;0
10191436;378,642;3;0;8;0;3;0;0;99;0
10192936;378,709;2;0;7;8;2;0;0;99;0
10194436;378,773;1;0;6;7;1;0;0;99;0
10195936;378,839;0;0;5;6;0;0;0;99;0
10197436;378,908;0;0;4;5;6;0;0;99;0
10198961;378,979;0;4;3;4;5;0;0;99;0
10200461;379,047;0;3;2;3;4;0;0;99;0
10201961;379,114;0;2;1;2;3;0;0;99;0
10203461;379,182;0;1;0;1;2;0;0;99;0
10204961;379,249;0;0;8;0;1;0;0;99;0
10206461;379,32;0;0;7;8;0;0;0;99;0
10207961;379,392;0;0;6;7;7;0;0;99;0
10209461;379,459;4;0;5;6;6;0;0;99;0
10210961;379,527;3;0;4;5;5;0;0;99;0
10212461;379,595;2;0;3;4;4;0;0;99;0
10213961;379,663;1;0;2;3;3;0;0;99;0
10215483;379,732;0;0;1;2;2;0;0;99;0
10216983;379,8;0;0;0;1;1;4;0;99;0
10218483;379,871;4;0;0;0;0;3;0;99;0
10219983;379,94;3;0;4;0;0;2;0;99;0
10221483;380,008;2;0;3;4;0;1;0;99;0
10222983;380,074;1;0;2;3;0;0;0;99;0
10224483;380,142;0;0;1;2;4;0;0;99;0
10225983;380,211;0;0;0;1;3;4;0;99;0
10227483;380,282;0;0;5;0;2;3;0;99;0
10228983;380,351;0;0;4;5;1;2;0;99;0
10230483;380,422;0;0;3;4;0;1;0;99;0
10232003;380,492;0;4;2;3;0;0;0;99;0
10233503;380,561;0;3;1;2;0;5;0;99;0
10235003;380,629;0;2;0;1;0;4;0;99;0
10236503;380,698;0;1;6;0;0;3;0;99;0
10238003;380,766;0;0;5;6;0;2;0;99;0
10239503;380,835;0;0;4;5;4;1;0;99;0
10241003;380,903;0;0;3;4;3;0;0;99;0
10242503;380,973;4;0;2;3;2;0;0;99;0
10244003;381,041;3;0;1;2;1;0;0;99;0
10245503;381,11;2;0;0;1;0;0;0;99;0
10247003;381,18;1;0;7;0;0;0;0;99;0
10248524;381,252;0;0;6;7;0;0;0;99;0
10250024;381,32;0;0;5;6;4;0;0;99;0
10251524;381,39;0;0;4;5;3;4;0;99;0
10253024;381,458;0;0;3;4;2;3;0;99;0
10254524;381,529;0;0;2;3;1;2;0;99;0
10256024;381,6;0;0;1;2;0;1;0;99;0
10257524;381,671;0;0;0;1;5;0;0;99;0
10259024;381,74;0;0;8;0;4;0;0;99;0
10260524;381,81;0;0;7;8;3;0;0;99;0
10262024;381,877;4;0;6;7;2;0;0;99;0
10263524;381,945;3;0;5;6;1;0;0;99;0
10265044;382,013;2;0;4;5;0;0;0;99;0
10266544;382,084;1;0;3;4;0;4;0;99;0
10268044;382,15;0;0;2;3;0;3;0;99;0
10269544;382,219;5;0;1;2;0;2;0;99;0
10271044;382,287;4;0;0;1;0;1;0;99;0
10272544;382,357;3;0;8;0;0;0;0;99;0
10274044;382,425;2;0;7;8;0;0;0;99;0
10275544;382,495;1;4;6;7;0;0;0;99;0
10277044;382,561;0;3;5;6;0;0;0;99;0
10278544;382,632;0;2;4;5;4;0;0;99;0
10280044;382,7;0;1;3;4;3;0;0;99;0
10281568;382,77;0;0;2;3;2;0;0;99;0
10283068;382,839;0;0;1;2;1;4;0;99;0
10284568;382,91;0;0;0;1;0;3;0;99;0
10286068;382,979;0;0;8;0;0;2;0;99;0
10287568;383,05;0;0;7;8;0;1;0;99;0
10289068;383,119;0;0;6;7;4;0;0;99;0
10290568;383,189;4;0;5;6;3;0;0;99;0
10292068;383,256;3;0;4;5;2;0;0;99;0
10293568;383,322;2;0;3;4;1;0;0;99;0
10295068;383,388;1;0;2;3;0;0;0;99;0
10296568;383,457;0;0;1;2;0;4;0;99;0
10298091;383,527;5;0;0;1;0;3;0;99;0
10299591;383,598;4;0;0;0;0;2;0;99;4
10301091;383,663;3;0;4;0;0;1;0;99;3
10302591;383,73;2;0;3;0;0;0;0;99;2
10304091;383,797;1;0;2;0;0;5;0;99;1
10305591;383,864;0;0;1;0;0;4;0;99;0
10307091;383,934;0;0;0;0;0;3;0;99;5
10308591;384,001;0;0;5;0;0;2;0;99;4
10310091;384,071;0;0;4;4;0;1;0;99;3
10311591;384,138;0;0;3;3;0;0;0;99;2
10313091;384,208;0;0;2;2;0;6;0;99;1
10314611;384,276;0;0;1;1;0;5;0;99;0
10316111;384,346;0;0;0;0;4;4;0;99;0
10317611;384,414;0;0;6;0;3;3;0;99;0
10319111;384,484;4;0;5;0;2;2;0;99;0
10320611;384,55;3;0;4;0;1;1;0;99;0
10322111;384,62;2;0;3;0;0;0;0;99;0
10323611;384,69;1;0;2;0;0;7;0;99;0
10325111;384,759;0;0;1;4;0;6;0;99;0
10326611;384,828;0;0;0;3;4;5;0;99;0
10328111;384,897;0;4;0;2;3;4;0;99;0
10329611;384,963;0;3;0;1;2;3;0;99;0
10331137;385,032;0;2;0;0;1;2;0;99;0
10332637;385,099;0;1;4;0;0;1;0;99;0
10334137;385,169;0;0;3;4;0;0;0;99;0
10335637;385,239;0;0;2;3;0;8;0;99;0
10337137;385,308;4;0;1;2;0;7;0;99;0
10338637;385,375;3;0;0;1;0;6;0;99;0
10340137;385,445;2;0;5;0;0;5;0;99;0
10341637;385,512;1;0;4;5;0;4;0;99;0
10343137;385,58;0;0;3;4;0;3;0;99;0
10344637;385,65;0;0;2;3;4;2;0;99;0
10346137;385,72;0;0;1;2;3;1;0;99;0
10347658;385,79;0;0;0;1;2;0;0;99;0
10349158;385,86;0;0;0;0;1;8;0;99;0
10350658;385,928;0;0;4;0;0;7;0;99;0
10352158;386,0;0;0;3;4;0;6;0;99;0
10353658;386,069;4;0;2;3;0;5;0;99;0
10355158;386,135;3;0;1;2;0;4;0;99;0
10356658;386,202;2;0;0;1;0;3;0;99;0
10358158;386,267;1;0;5;0;0;2;0;99;0
10359658;386,335;0;0;4;5;0;1;0;99;0
10361158;386,403;0;0;3;4;4;0;0;99;0
10362658;386,473;4;0;2;3;3;0;0;99;0
10364182;386,541;3;0;1;2;2;0;0;99;0
10365682;386,611;2;0;0;1;1;0;0;99;0
10367182;386,679;1;0;6;0;0;0;0;99;0
10368682;386,746;0;0;5;6;0;0;0;99;0
10370182;386,815;0;0;4;5;0;4;0;99;0
10371682;386,886;0;0;3;4;4;3;0;99;0
10373182;386,954;0;0;2;3;3;2;0;99;0
10374682;387,024;0;0;1;2;2;1;0;99;0
10376182;387,092;0;0;0;1;1;0;0;99;0
10377682;387,161;0;0;7;0;0;0;0;99;0
10379682;387,255;0;0;6;7;0;4;0;99;0
10381205;387,326;0;0;5;6;0;3;4;99;0
10382705;387,39;0;0;4;5;0;2;3;99;0
10384205;387,456;0;0;3;4;0;1;2;99;0
10385705;387,52;0;0;2;3;0;0;1;99;0
10387205;387,588;0;0;1;2;4;0;0;99;0
10388705;387,657;4;0;0;1;3;0;0;99;0
10390205;387,725;3;0;8;0;2;0;0;99;0
10391705;387,792;2;0;7;8;1;0;0;99;0
10393205;387,858;1;0;6;7;0;0;0;99;0
10394705;387,926;0;0;5;6;0;4;0;99;0
10396205;387,996;5;0;4;5;0;3;0;99;0
10397723;388,064;4;0;3;4;0;2;0;99;0
10399223;388,132;3;0;2;3;0;1;0;99;0
10400723;388,199;2;0;1;2;0;0;0;99;0
10402223;388,269;1;0;0;1;0;0;0;99;4
10403723;388,335;0;0;0;0;0;4;0;99;3
10405223;388,405;0;0;4;0;0;3;0;99;2
10406723;388,474;0;0;3;4;0;2;0;99;1
10408223;388,542;0;0;2;3;0;1;0;99;0
10409723;388,611;4;0;1;2;0;0;0;99;0
10411223;388,681;3;0;0;1;4;0;0;99;0
10412723;388,746;2;0;5;0;3;0;0;99;0
10414248;388,817;1;0;4;5;2;0;0;99;0
10415748;388,883;0;0;3;4;1;0;0;99;0
10417248;388,953;0;0;2;3;0;4;0;99;0
10418748;389,022;0;0;1;2;5;3;0;99;0
10420248;389,092;0;0;0;1;4;2;0;99;0
10421748;389,159;0;0;6;0;3;1;0;99;0
10423248;389,229;0;0;5;6;2;0;0;99;0
10424748;389,297;4;0;4;5;1;0;0;99;0
10426248;389,365;3;0;3;4;0;0;0;99;0
10427748;389,432;2;0;2;3;6;0;0;99;0
10429248;389,499;1;0;1;2;5;0;0;99;0
10430768;389,566;0;0;0;1;4;0;0;99;0
10432268;389,639;0;0;0;0;3;4;0;99;0
10433768;389,708;0;0;4;0;2;3;0;99;0
10435268;389,778;0;0;3;4;1;2;0;99;0
10436768;389,845;0;0;2;3;0;1;0;99;0
10438268;389,915;0;0;1;2;0;0;0;99;4
10439768;389,983;0;0;0;1;0;5;0;99;3
10441268;390,05;0;0;5;0;0;4;0;99;2
10442768;390,119;0;0;4;5;0;3;0;99;1
10444268;390,184;0;0;3;4;0;2;0;99;0
10445768;390,254;4;0;2;3;0;1;0;99;0
10447286;390,323;3;0;1;2;0;0;0;99;0
10448786;390,393;2;0;0;1;0;6;0;99;0
10450286;390,46;1;4;0;0;0;5;0;99;0
10451786;390,53;0;3;0;0;0;4;0;99;4
10453286;390,596;0;2;4;0;0;3;0;99;3
10454786;390,666;0;1;3;0;0;2;0;99;2
10456286;390,731;0;0;2;0;0;1;0;99;1
10457786;390,8;0;0;1;4;0;0;0;99;0
10459286;390,869;0;0;0;3;0;0;0;99;5
10460786;390,937;0;0;0;2;0;4;0;99;4
10462286;391,005;0;0;4;1;0;3;0;99;3
10463816;391,073;0;0;3;0;0;2;0;99;2
10465316;391,14;0;0;2;5;0;1;0;99;1
10466816;391,209;0;0;1;4;0;0;0;99;0
10468316;391,278;0;0;0;3;0;5;0;99;0
10469816;391,347;0;0;5;2;0;4;0;99;0
10471316;391,415;0;0;4;1;0;3;0;99;4
10472816;391,483;0;0;3;0;0;2;0;99;3
10474316;391,551;0;0;2;6;0;1;0;99;2
10475816;391,619;0;0;1;5;0;0;0;99;1
10477316;391,685;0;0;0;4;0;6;0;99;0
10478816;391,756;0;0;6;3;0;5;0;99;0
10480330;391,826;0;0;5;2;0;4;4;99;0
10481830;391,891;0;0;4;1;0;3;3;99;0
10483330;391,955;0;0;3;0;0;2;2;99;0
10484830;392,023;0;0;2;7;0;1;1;99;0
10486330;392,088;0;0;1;6;0;0;0;99;0
10487830;392,157;4;0;0;5;0;0;0;99;0
10489330;392,228;3;0;7;4;0;0;0;99;0
10490830;392,296;2;0;6;3;4;0;0;99;0
10492330;392,363;1;0;5;2;3;0;0;99;0
10493830;392,43;0;0;4;1;2;0;0;99;0
10495330;392,5;5;0;3;0;1;0;0;99;0
10496850;392,568;4;4;2;0;0;0;0;99;0
10498350;392,637;3;3;1;4;0;0;0;99;0
10499850;392,705;2;2;0;3;0;0;0;99;0
10501350;392,772;1;1;8;2;0;0;0;99;0
10502850;392,838;0;0;7;1;0;0;0;99;0
10504350;392,909;6;0;6;0;0;0;0;99;0
10505850;392,977;5;0;5;0;0;0;0;99;4
10507350;393,043;4;4;4;0;0;0;0;99;3
10508850;393,108;3;3;3;0;0;0;0;99;2
10510350;393,173;2;2;2;0;0;0;0;99;1
10511850;393,238;1;1;1;0;0;0;0;99;0
10513374;393,308;0;0;0;0;0;0;4;99;0
10515374;393,4;0;0;8;4;0;0;3;99;0
10516874;393,466;0;0;7;3;0;4;2;99;0
10518374;393,533;0;0;6;2;0;3;1;99;0
10519874;393,598;0;0;5;1;0;2;0;99;0
10521374;393,669;0;0;4;0;4;1;0;99;0
10522874;393,738;0;0;3;5;3;0;0;99;0
10524374;393,806;0;0;2;4;2;5;0;99;0
10525874;393,875;0;0;1;3;1;4;0;99;0
10527374;393,946;0;0;0;2;0;3;0;99;0
10528874;394,015;0;0;8;1;0;2;0;99;0
10530401;394,088;4;0;7;0;0;1;0;99;0
10531901;394,154;3;0;6;6;0;0;0;99;0
10533401;394,221;2;0;5;5;4;0;0;99;0
10534901;394,288;1;0;4;4;3;0;0;99;0
10536401;394,352;0;0;3;3;2;0;0;99;0
10537901;394,422;5;0;2;2;1;0;0;99;0
10539401;394,488;4;0;1;1;0;0;0;99;0
10540901;394,556;3;0;0;0;5;0;0;99;0
10542401;394,625;2;0;8;0;4;0;0;99;0
10543901;394,691;1;0;7;4;3;0;0;99;0
10545401;394,758;0;0;6;3;2;0;0;99;0
10546922;394,828;0;0;5;2;1;0;4;99;0
10548422;394,895;0;0;4;1;0;0;3;99;0
10549922;394,961;0;0;3;0;0;4;2;99;0
10551422;395,029;0;0;2;5;0;3;1;99;0
10552922;395,094;0;0;1;4;0;2;0;99;0
10554422;395,163;0;0;0;3;4;1;0;99;0
10555922;395,234;0;0;8;2;3;0;0;99;0
10557422;395,303;0;0;7;1;2;5;0;99;0
10558922;395,374;0;0;6;0;1;4;0;99;0
10560422;395,443;0;0;5;6;0;3;0;99;0
10561922;395,512;0;0;4;5;5;2;0;99;0
10563448;395,583;0;0;3;4;4;1;0;99;0
10564948;395,654;0;0;2;3;3;0;0;99;0
10566448;395,723;0;0;1;2;2;6;0;99;0
10567948;395,792;0;0;0;1;1;5;0;99;0
10569448;395,861;4;0;0;0;0;4;0;99;0
10570948;395,929;3;4;0;0;0;3;0;99;0
10572448;395,996;2;3;0;0;0;2;0;99;4
10573948;396,059;1;2;0;0;0;1;0;99;3
10575448;396,124;0;1;0;0;0;0;0;99;2
10576948;396,192;0;0;4;0;0;0;0;99;1
10578448;396,262;0;0;3;4;0;0;0;99;0
10579968;396,334;0;0;2;3;0;0;4;99;0
10581468;396,402;0;0;1;2;0;4;3;99;0
10582968;396,467;0;0;0;1;0;3;2;99;0
10584468;396,536;0;0;5;0;0;2;1;99;0
10585968;396,602;0;0;4;5;0;1;0;99;0
10587468;396,674;4;0;3;4;0;0;0;99;0
10588968;396,74;3;0;2;3;4;0;0;99;0
10590468;396,804;2;0;1;2;3;0;0;99;0
10591968;396,871;1;0;0;1;2;0;0;99;0
10593468;396,937;0;0;6;0;1;0;0;99;0
10594968;397,007;0;0;5;0;0;4;0;99;0
10596490;397,079;0;0;4;4;0;3;0;99;0
10597990;397,149;0;0;3;3;4;2;0;99;0
10599490;397,218;0;0;2;2;3;1;0;99;0
10600990;397,289;0;0;1;1;2;0;0;99;0
10602490;397,358;0;0;0;0;1;5;0;99;0
10603990;397,429;0;0;7;0;0;4;0;99;0
10605490;397,498;0;0;6;4;0;3;0;99;0
10606990;397,569;4;0;5;3;0;2;0;99;0
10608490;397,639;3;0;4;2;0;1;0;99;0
10609990;397,71;2;0;3;1;0;0;0;99;0
10611490;397,778;1;0;2;0;4;0;0;99;0
10613015;397,851;0;0;1;0;3;0;4;99;0
10614515;397,918;0;0;0;4;2;0;3;99;0
10616015;397,986;0;0;8;3;1;0;2;99;0
10617515;398,05;0;0;7;2;0;0;1;99;0
10619015;398,119;0;0;6;1;5;0;0;99;0
10620515;398,188;0;0;5;0;4;4;0;99;0
10622015;398,259;0;0;4;5;3;3;0;99;0
10623515;398,327;0;0;3;4;2;2;0;99;0
10625015;398,398;0;0;2;3;1;1;0;99;0
10626515;398,467;0;0;1;2;0;0;0;99;0
10628015;398,538;0;0;0;1;0;5;0;99;0
10629536;398,609;0;0;0;0;0;4;4;99;0
10631036;398,68;0;0;4;0;0;3;3;99;0
10632536;398,747;0;0;3;4;0;2;2;99;0
10634036;398,813;0;0;2;3;0;1;1;99;0
10635536;398,878;0;0;1;2;0;0;0;99;0
10637036;398,949;0;0;0;1;4;0;0;99;0
10638536;399,019;0;0;5;0;3;0;0;99;0
10640036;399,089;4;0;4;0;2;0;0;99;0
10641536;399,158;3;0;3;4;1;0;0;99;0
10643036;399,227;2;0;2;3;0;0;0;99;0
10644536;399,296;1;0;1;2;0;4;0;99;0
10646058;399,367;0;0;0;1;0;3;0;99;0
10647558;399,436;0;0;6;0;0;2;0;99;0
10649058;399,508;0;0;5;5;0;1;0;99;0
10650558;399,578;4;0;4;4;0;0;0;99;0
10652058;399,649;3;0;3;3;4;0;0;99;0
10653558;399,715;2;0;2;2;3;0;0;99;0
10655058;399,784;1;0;1;1;2;0;0;99;0
10656558;399,85;0;0;0;0;1;0;0;99;0
10658558;399,947;0;0;7;0;0;4;0;99;0
10660058;400,019;0;0;6;4;0;3;0;99;0
10661558;400,09;0;0;5;3;4;2;0;99;0
10663079;400,16;0;0;4;2;3;1;0;99;0
10664579;400,23;0;0;3;1;2;0;0;99;0
10666079;400,299;0;0;2;0;1;5;0;99;0
10667579;400,371;0;0;1;5;0;4;0;99;0
10669079;400,44;0;0;0;4;5;3;0;99;0
10670579;400,511;4;0;0;3;4;2;0;99;0
10672079;400,576;3;0;0;2;3;1;0;99;0
10673579;400,645;2;0;0;1;2;0;0;99;0
10675079;400,712;1;0;4;0;1;0;0;99;0
10676579;400,781;0;0;3;0;0;4;0;99;0
10678079;400,852;0;0;2;4;0;3;0;99;0
10679602;400,922;0;0;1;3;0;2;4;99;0
10681102;400,988;0;0;0;2;0;1;3;99;0
10682602;401,054;0;0;5;1;0;0;2;99;0
10684102;401,122;0;0;4;0;0;5;1;99;0
10685602;401,189;0;0;3;5;0;4;0;99;0
10687102;401,259;0;0;2;4;4;3;0;99;0
10688602;401,327;0;0;1;3;3;2;0;99;0
10690102;401,397;0;0;0;2;2;1;0;99;0
10691602;401,466;0;0;6;1;1;0;0;99;0
10693102;401,537;0;0;5;0;0;6;0;99;0
10694602;401,609;0;0;4;6;0;5;0;99;0
10696128;401,686;4;0;3;5;0;4;0;99;0
10697628;401,752;3;0;2;4;0;3;0;99;0
10699128;401,82;2;0;1;3;0;2;0;99;0
10700628;401,886;1;0;0;2;0;1;0;99;0
10702128;401,954;0;0;7;1;0;0;0;99;0
10703628;402,027;0;0;6;0;4;0;0;99;0
10705128;402,097;0;0;5;7;3;0;0;99;0
10706628;402,165;0;0;4;6;2;4;0;99;0
10708128;402,236;0;0;3;5;1;3;0;99;0
10709628;402,304;0;0;2;4;0;2;0;99;0
10711128;402,372;0;0;1;3;5;1;0;99;0
10712641;402,442;0;0;0;2;4;0;0;99;0
10714141;402,514;0;0;8;1;3;0;0;99;0
10715641;402,583;0;0;7;0;2;4;0;99;0
10717141;402,653;4;0;6;0;1;3;0;99;0
10718641;402,72;3;0;5;0;0;2;0;99;0
10720141;402,79;2;0;4;0;0;1;0;99;4
10721641;402,856;1;0;3;0;0;0;0;99;3
10723141;402,923;0;0;2;0;0;5;0;99;2
10724641;402,989;0;0;1;4;0;4;0;99;1
10726141;403,058;0;0;0;3;0;3;0;99;0
10727641;403,127;0;0;8;2;0;2;0;99;0
10729164;403,198;0;0;7;1;0;1;0;99;4
10730664;403,267;0;0;6;0;0;0;0;99;3
10732164;403,337;0;0;5;5;0;0;0;99;2
10733664;403,404;0;0;4;4;0;4;0;99;1
10735164;403,47;0;0;3;3;0;3;0;99;0
10736664;403,541;0;0;2;2;0;2;0;99;5
10738164;403,607;0;0;1;1;0;1;0;99;4
10739664;403,675;0;0;0;0;0;0;0;99;3
10741664;403,77;0;0;8;6;0;0;0;99;2
10743164;403,837;4;0;7;5;0;0;0;99;1
10744664;403,904;3;0;6;4;0;0;0;99;0
10746186;403,976;2;0;5;3;0;0;0;99;6
10747686;404,041;1;0;4;2;0;0;0;99;5
10749186;404,108;0;0;3;1;0;0;0;99;4
10750686;404,177;0;0;2;0;4;0;0;99;3
10752186;404,244;0;0;1;7;3;0;0;99;2
10753686;404,311;0;0;0;6;2;0;0;99;1
10755186;404,38;0;0;8;5;1;0;0;99;0
10756686;404,448;0;0;7;4;0;4;0;99;0
10758186;404,516;4;0;6;3;0;3;0;99;0
10759686;404,585;3;0;5;2;0;2;0;99;0
10761186;404,653;2;0;4;1;0;1;0;99;0
10762707;404,721;1;0;3;0;0;0;0;99;0
10764207;404,792;0;0;2;0;0;0;0;99;4
10765707;404,86;0;0;1;4;0;0;0;99;3
10767207;404,927;0;0;0;3;4;0;0;99;2
10768707;404,996;0;0;8;2;3;0;0;99;1
10770207;405,062;0;0;7;1;2;0;0;99;0
10771707;405,131;0;0;6;0;1;0;0;99;5
10773207;405,2;0;0;5;5;0;0;0;99;4
10774707;405,267;0;0;4;4;0;4;0;99;3
10776207;405,335;0;0;3;3;0;3;0;99;2
10777707;405,402;0;0;2;2;0;2;0;99;1
10779229;405,472;0;0;1;1;0;1;0;99;0
10780729;405,54;0;0;0;0;4;0;0;99;0
10782729;405,638;0;0;8;6;3;0;0;99;0
10784229;405,705;4;0;7;5;2;0;0;99;0
10785729;405,772;3;0;6;4;1;0;0;99;0
10787229;405,839;2;0;5;3;0;0;0;99;0
10788729;405,905;1;0;4;2;5;0;0;99;0
10790229;405,973;0;0;3;1;4;0;0;99;0
10791729;406,043;5;0;2;0;3;0;0;99;0
10793229;406,112;4;4;1;0;2;0;0;99;0
10794729;406,177;3;3;0;0;1;0;0;99;0
10796257;406,246;2;2;0;0;0;0;0;99;4
10797757;406,311;1;1;0;4;0;0;0;99;3
10799257;406,377;0;0;0;3;0;0;0;99;2
10800757;406,446;0;0;4;2;0;0;0;99;1
10802257;406,515;0;0;3;1;0;4;0;99;0
10803757;406,584;0;0;2;0;4;3;0;99;0
10805257;406,655;0;0;1;5;3;2;0;99;0
10806757;406,724;0;0;0;4;2;1;0;99;0
10808257;406,793;0;0;5;3;1;0;0;99;0
10809757;406,861;4;0;4;2;0;0;0;99;0
10811257;406,929;3;0;3;1;5;0;0;99;0
10812783;406,996;2;0;2;0;4;0;0;99;0
10814283;407,063;1;0;1;6;3;0;0;99;0
10815783;407,129;0;0;0;5;2;0;0;99;0
10817283;407,199;0;0;6;4;1;0;0;99;0
10818783;407,266;4;0;5;3;0;0;0;99;0
10820283;407,336;3;0;4;2;6;0;0;99;0
10821783;407,403;2;0;3;1;5;0;0;99;0
10823283;407,471;1;0;2;0;4;0;0;99;0
10824783;407,539;0;0;1;7;3;0;0;99;0
10826283;407,609;5;0;0;6;2;0;0;99;0
10827783;407,679;4;0;0;5;1;4;0;99;0
10829304;407,747;3;0;0;4;0;3;0;99;0
10830804;407,814;2;0;4;3;0;2;0;99;0
10832304;407,881;1;0;3;2;0;1;0;99;0
10833804;407,948;0;0;2;1;0;0;0;99;0
10835304;408,019;0;0;1;0;4;0;0;99;0
10836804;408,089;0;0;0;8;3;0;0;99;0
10838304;408,16;0;0;5;7;2;0;0;99;0
10839804;408,228;4;0;4;6;1;0;0;99;0
10841304;408,294;3;0;3;5;0;0;0;99;0
10842804;408,36;2;0;2;4;5;0;0;99;0
10844304;408,428;1;0;1;3;4;0;0;99;0
10845829;408,496;0;0;0;2;3;0;0;99;0
10847329;408,567;0;0;6;1;2;0;0;99;0
10848829;408,637;0;0;5;0;1;4;0;99;0
10850329;408,706;0;0;4;8;0;3;0;99;0
10851829;408,774;0;0;3;7;6;2;0;99;0
10853329;408,844;0;0;2;6;5;1;0;99;0
10854829;408,912;0;0;1;5;4;0;0;99;0
10856329;408,979;4;0;0;4;3;0;0;99;0
10857829;409,048;3;0;7;3;2;0;0;99;0
10859329;409,115;2;0;6;2;1;0;0;99;0
10860829;409,184;1;0;5;1;0;0;0;99;0
10862347;409,253;0;0;4;0;0;0;0;99;4
10863847;409,324;0;0;3;8;0;0;0;99;3
10865347;409,391;0;0;2;7;4;0;0;99;2
10866847;409,459;0;0;1;6;3;0;0;99;1
10868347;409,525;0;0;0;5;2;0;0;99;0
10869847;409,596;0;0;8;4;1;0;0;99;0
10871347;409,665;0;0;7;3;0;4;0;99;0
10872847;409,736;0;0;6;2;5;3;0;99;0
10874347;409,805;0;0;5;1;4;2;0;99;0
10875847;409,873;0;0;4;0;3;1;0;99;0
10877347;409,942;0;0;3;8;2;0;0;99;0
10878868;410,013;0;0;2;7;1;0;0;99;4
10880368;410,079;0;0;1;6;0;0;0;99;3
10881868;410,149;0;0;0;5;0;4;0;99;2
10883368;410,215;0;0;8;4;0;3;0;99;1
10884868;410,281;0;0;7;3;0;2;0;99;0
10886368;410,351;4;0;6;2;0;1;0;99;0
10887868;410,417;3;0;5;1;0;0;0;99;0
10889368;410,487;2;0;4;0;0;5;0;99;0
10890868;410,552;1;0;3;8;0;4;0;99;0
10892368;410,618;0;0;2;7;0;3;0;99;0
10893868;410,69;0;4;1;6;0;2;0;99;0
10895398;410,759;0;3;0;5;0;1;0;99;0
10896898;410,829;0;2;8;4;0;0;0;99;0
10898398;410,897;0;1;7;3;4;0;0;99;0
10899898;410,964;0;0;6;2;3;0;0;99;0
10901398;411,033;0;0;5;1;2;4;0;99;0
10902898;411,103;0;0;4;0;1;3;0;99;0
10904398;411,173;0;0;3;8;0;2;0;99;0
10905898;411,242;0;0;2;7;5;1;0;99;0
10907398;411,313;0;0;1;6;4;0;0;99;0
10908898;411,381;0;0;0;5;3;5;0;99;0
10910398;411,45;0;0;8;4;2;4;0;99;0
10911922;411,522;0;0;7;3;1;3;0;99;0
10913422;411,591;0;0;6;2;0;2;0;99;0
10914922;411,664;4;0;5;1;0;1;0;99;0
10916422;411,733;3;0;4;0;0;0;0;99;0
10917922;411,803;2;4;3;0;0;0;0;99;0
10919422;411,871;1;3;2;0;0;0;0;99;4
10920922;411,937;0;2;1;0;0;0;0;99;3
10922422;412,005;0;1;0;4;0;0;0;99;2
10923922;412,074;0;0;0;3;0;4;0;99;1
10925422;412,142;0;0;4;2;0;3;0;99;0
10926922;412,212;0;0;3;1;4;2;0;99;0
10928446;412,282;0;0;2;0;3;1;0;99;0
10929946;412,352;0;0;1;5;2;0;0;99;0
10931446;412,42;0;0;0;4;1;5;0;99;0
10932946;412,491;0;0;5;3;0;4;0;99;0
10934446;412,56;0;0;4;2;0;3;0;99;4
10935946;412,628;0;0;3;1;0;2;0;99;3
10937446;412,697;0;0;2;0;0;1;0;99;2
10938946;412,765;0;0;1;0;4;0;0;99;1
10940446;412,833;0;0;0;4;3;0;0;99;0
10941946;412,902;0;0;6;3;2;0;0;99;0
10943446;412,972;0;0;5;2;1;4;0;99;0
10944968;413,043;0;0;4;1;0;3;0;99;0
10946468;413,114;0;0;3;0;0;2;0;99;4
10947968;413,182;0;0;2;5;0;1;0;99;3
10949468;413,251;0;0;1;4;0;0;0;99;2
10950968;413,318;0;0;0;3;0;5;0;99;1
10952468;413,388;0;0;7;2;0;4;0;99;0
10953968;413,457;0;0;6;1;4;3;0;99;0
10955468;413,527;0;0;5;0;3;2;0;99;0
10956968;413,596;0;0;4;6;2;1;0;99;0
10958468;413,668;0;0;3;5;1;0;0;99;0
10959968;413,737;0;0;2;4;0;6;0;99;0
10961486;413,811;4;0;1;3;0;5;0;99;0
10962986;413,878;3;0;0;2;0;4;0;99;0
10964486;413,947;2;0;8;1;0;3;0;99;0
10965986;414,013;1;0;7;0;0;2;0;99;0
10967486;414,082;0;0;6;0;4;1;0;99;0
10968986;414,151;0;0;5;4;3;0;0;99;0
10970486;414,22;0;0;4;3;2;7;0;99;0
10971986;414,288;0;0;3;2;1;6;0;99;0
10973486;414,358;0;0;2;1;0;5;0;99;0
10974986;414,426;0;0;1;0;5;4;0;99;0
10976486;414,497;0;0;0;5;4;3;0;99;0
10978010;414,567;4;0;0;4;3;2;0;99;0
10979510;414,635;3;0;0;3;2;1;0;99;0
10981010;414,704;2;0;0;2;1;0;0;99;0
10982510;414,773;1;0;4;1;0;0;0;99;0
10984010;414,842;0;0;3;0;0;4;0;99;0
10985510;414,913;0;0;2;6;0;3;0;99;0
10987010;414,982;0;0;1;5;4;2;0;99;0
10988510;415,052;0;0;0;4;3;1;0;99;0
10990010;415,12;0;0;5;3;2;0;0;99;0
10991510;415,189;0;0;4;2;1;5;0;99;0
10993010;415,259;0;0;3;1;0;4;0;99;0
10994525;415,328;0;4;2;0;0;3;0;99;0
10996025;415,397;0;3;1;7;0;2;0;99;0
10997525;415,465;0;2;0;6;0;1;0;99;0
10999025;415,534;0;1;6;5;0;0;0;99;0
11000525;415,604;0;0;5;4;4;0;0;99;0
11002025;415,677;0;0;4;3;3;0;0;99;4
11003525;415,743;0;0;3;2;2;0;0;99;3
11005025;415,811;0;0;2;1;1;0;0;99;2
11006525;415,88;0;0;1;0;0;0;0;99;1
11008025;415,948;0;0;0;8;0;0;0;99;0
11010025;416,044;0;0;7;7;4;0;0;99;0
11011543;416,115;4;0;6;6;3;0;0;99;0
11013043;416,182;3;0;5;5;2;0;0;99;0
11014543;416,251;2;0;4;4;1;0;0;99;0
11016043;416,317;1;0;3;3;0;0;0;99;0
11017543;416,385;0;0;2;2;0;4;0;99;0
11019043;416,455;5;0;1;1;0;3;0;99;0
11020543;416,521;4;0;0;0;0;2;0;99;0
11022043;416,588;3;0;8;0;0;1;0;99;0
11023543;416,658;2;0;7;0;0;0;0;99;4
11025043;416,725;1;0;6;4;0;0;0;99;3
11026543;416,79;0;0;5;3;0;0;0;99;2
11028069;416,868;0;4;4;2;0;0;0;99;1
11029569;416,934;0;3;3;1;0;0;0;99;0
11031069;417,002;0;2;2;0;0;0;0;99;5
11032569;417,07;0;1;1;5;0;0;0;99;4
11034069;417,136;0;0;0;4;0;0;0;99;3
11035569;417,206;0;0;8;3;0;0;0;99;2
11037069;417,275;0;0;7;2;4;0;0;99;1
11038569;417,341;0;0;6;1;3;0;0;99;0
11040069;417,409;0;0;5;0;2;4;0;99;0
11041569;417,479;0;4;4;0;1;3;0;99;0
11043069;417,546;0;3;3;0;0;2;0;99;0
11044590;417,616;0;2;2;4;0;1;0;99;0
11046090;417,687;0;1;1;3;0;0;0;99;0
11047590;417,756;0;0;0;2;4;0;0;99;0
11049090;417,826;0;0;0;1;3;4;0;99;0
11050590;417,895;0;0;4;0;2;3;0;99;0
11052090;417,963;0;0;3;5;1;2;0;99;0
11053590;418,034;0;0;2;4;0;1;0;99;0
11055090;418,104;0;0;1;3;5;0;0;99;0
11056590;418,174;4;0;0;2;4;0;0;99;0
11058090;418,241;3;0;0;1;3;0;0;99;4
11059590;418,307;2;0;0;0;2;0;0;99;3
11061111;418,374;1;0;0;6;1;0;0;99;2
11062611;418,441;0;0;0;5;0;0;0;99;1
11064111;418,509;0;0;4;4;0;0;0;99;0
11065611;418,579;0;0;3;3;0;0;0;99;5
11067111;418,649;0;0;2;2;4;0;0;99;4
11068611;418,716;0;0;1;1;3;0;0;99;3
11070111;418,784;0;0;0;0;2;0;0;99;2
11071611;418,852;0;0;5;0;1;0;0;99;1
11073111;418,922;0;0;4;4;0;0;0;99;0
11074611;418,992;0;0;3;3;0;0;0;99;6
11076111;419,06;0;0;2;2;4;0;0;99;5
11077633;419,128;0;0;1;1;3;0;0;99;4
11079133;419,197;0;0;0;0;2;0;0;99;3
11080633;419,266;0;0;6;0;1;0;0;99;2
11082133;419,335;0;0;5;4;0;0;0;99;1
11083633;419,403;0;0;4;3;5;0;0;99;0
11085133;419,472;0;0;3;2;4;4;0;99;0
11086633;419,54;0;0;2;1;3;3;0;99;0
11088133;419,61;0;0;1;0;2;2;0;99;0
11089633;419,68;4;0;0;0;1;1;0;99;0
11091133;419,749;3;0;7;0;0;0;0;99;0
11092633;419,818;2;0;6;4;0;0;0;99;0
11094160;419,887;1;0;5;3;0;0;4;99;0
11095660;419,954;0;0;4;2;0;0;3;99;0
11097160;420,02;0;0;3;1;0;4;2;99;0
11098660;420,086;0;0;2;0;0;3;1;99;0
11100160;420,152;0;0;1;5;0;2;0;99;0
11101660;420,22;0;0;0;4;4;1;0;99;0
11103160;420,288;0;0;8;3;3;0;0;99;0
11104660;420,357;0;0;7;2;2;5;0;99;0
11106160;420,426;0;0;6;1;1;4;0;99;0
11107660;420,495;0;0;5;0;0;3;0;99;0
11109160;420,567;0;0;4;6;0;2;0;99;0
11110680;420,637;0;0;3;5;4;1;0;99;0
11112180;420,71;0;0;2;4;3;0;0;99;0
11113680;420,778;0;0;1;3;2;6;0;99;0
11115180;420,85;0;0;0;2;1;5;0;99;0
11116680;420,917;0;0;8;1;0;4;0;99;0
11118180;420,988;0;0;7;0;0;3;0;99;4
11119680;421,054;0;0;6;7;0;2;0;99;3
11121180;421,123;0;0;5;6;0;1;0;99;2
11122680;421,19;0;0;4;5;0;0;0;99;1
11124180;421,259;0;0;3;4;0;7;0;99;0
11125680;421,328;0;0;2;3;4;6;0;99;0
11127207;421,4;0;0;1;2;3;5;0;99;0
11128707;421,467;0;0;0;1;2;4;0;99;0
11130207;421,537;0;0;8;0;1;3;0;99;0
11131707;421,606;0;0;7;8;0;2;0;99;0
11133207;421,678;4;0;6;7;0;1;0;99;0
11134707;421,744;3;0;5;6;0;0;0;99;0
11136207;421,812;2;4;4;5;0;0;0;99;0
11137707;421,878;1;3;3;4;0;0;0;99;0
11139207;421,944;0;2;2;3;0;0;0;99;0
11140707;422,013;0;1;1;2;4;0;0;99;0
11142207;422,079;0;0;0;1;3;0;0;99;0
11143723;422,152;0;0;8;0;2;0;0;99;0
11145223;422,222;0;0;7;8;1;0;0;99;0
11146723;422,291;4;0;6;7;0;0;0;99;0
11148223;422,36;3;0;5;6;5;0;0;99;0
11149723;422,429;2;0;4;5;4;0;0;99;0
11151223;422,497;1;0;3;4;3;0;0;99;0
11152723;422,564;0;0;2;3;2;0;0;99;0
11154223;422,634;0;0;1;2;1;4;0;99;0
11155723;422,704;0;0;0;1;0;3;0;99;0
11157223;422,776;0;0;8;0;0;2;0;99;0
11158723;422,846;0;0;7;8;0;1;0;99;0
11160244;422,918;0;0;6;7;4;0;0;99;0
11161744;422,986;4;0;5;6;3;0;0;99;0
11163244;423,054;3;0;4;5;2;0;0;99;0
11164744;423,12;2;0;3;4;1;0;0;99;0
11166244;423,188;1;0;2;3;0;0;0;99;0
11167744;423,255;0;0;1;2;5;0;0;99;0
11169244;423,324;5;0;0;1;4;0;0;99;0
11170744;423,381;4;0;8;0;3;0;0;99;0
11172244;423,43;3;0;7;8;2;0;0;99;0
11173744;423,497;2;0;6;7;1;0;0;99;0
11175244;423,564;1;0;5;6;0;0;0;99;0
11176763;423,632;0;0;4;5;0;0;0;99;4
11178263;423,7;0;0;3;4;0;4;0;99;3
11179763;423,768;0;0;2;3;0;3;0;99;2
11181263;423,835;0;0;1;2;0;2;0;99;1
11182763;423,902;0;0;0;1;0;1;0;99;0
11184263;423,971;0;0;8;0;0;0;0;99;0
11186263;424,066;0;0;7;8;4;0;0;99;0
11187763;424,134;4;0;6;7;3;0;0;99;0
11189263;424,2;3;0;5;6;2;0;0;99;0
11190763;424,267;2;0;4;5;1;0;0;99;0
11192263;424,333;1;0;3;4;0;0;0;99;0
11193785;424,403;0;0;2;3;5;0;0;99;0
11195285;424,471;0;0;1;2;4;4;0;99;0
11196785;424,539;0;0;0;1;3;3;0;99;0
11198285;424,61;0;0;8;0;2;2;0;99;0
11199785;424,678;0;0;7;8;1;1;0;99;0
11201285;424,749;0;0;6;7;0;0;0;99;0
11202785;424,818;0;0;5;6;6;0;0;99;0
11204285;424,888;0;0;4;5;5;0;0;99;4
11205785;424,954;0;0;3;4;4;0;0;99;3
11207285;425,021;0;0;2;3;3;0;0;99;2
11208785;425,087;0;0;1;2;2;0;0;99;1
11210314;425,155;0;0;0;1;1;0;0;99;0
11211814;425,224;0;0;8;0;0;0;0;99;0
11213814;425,322;0;0;7;8;0;4;0;99;0
11215314;425,389;4;0;6;7;0;3;0;99;0
11216814;425,457;3;0;5;6;0;2;0;99;0
11218314;425,525;2;0;4;5;0;1;0;99;0
11219814;425,591;1;0;3;4;0;0;0;99;0
11221314;425,656;0;0;2;3;0;5;0;99;0
11222814;425,728;0;0;1;2;4;4;0;99;0
11224314;425,796;0;0;0;1;3;3;0;99;0
11225814;425,865;4;0;0;0;2;2;0;99;0
11227334;425,932;3;0;4;0;1;1;0;99;0
11228834;425,999;2;0;3;0;0;0;0;99;0
11230334;426,066;1;0;2;4;0;0;0;99;0
11231834;426,135;0;4;1;3;0;0;0;99;0
11233334;426,202;0;3;0;2;4;0;0;99;0
11234834;426,27;0;2;5;1;3;0;0;99;0
11236334;426,335;0;1;4;0;2;0;0;99;0
11237834;426,403;0;0;3;5;1;0;0;99;0
11239334;426,474;0;5;2;4;0;0;0;99;0
11240834;426,541;4;4;1;3;0;0;0;99;0
11242334;426,607;3;3;0;2;0;0;0;99;0
11243857;426,673;2;2;0;1;0;0;0;99;4
11245357;426,737;1;1;0;0;0;0;0;99;3
11246857;426,801;0;0;0;6;0;0;0;99;2
11248357;426,871;0;0;4;5;0;0;0;99;1
11249857;426,939;0;0;3;4;4;0;0;99;0
11251357;427,007;0;0;2;3;3;4;0;99;0
11252857;427,078;0;0;1;2;2;3;0;99;0
11254357;427,145;0;0;0;1;1;2;0;99;0
11255857;427,215;0;0;5;0;0;1;0;99;0
11257357;427,285;0;0;4;7;0;0;0;99;0
11258857;427,356;0;0;3;6;4;0;0;99;0
11260378;427,426;0;0;2;5;3;0;4;99;0
11261878;427,491;0;0;1;4;2;0;3;99;0
11263378;427,555;0;0;0;3;1;0;2;99;0
11264878;427,622;0;0;0;2;0;4;1;99;0
11266378;427,687;0;0;4;1;0;3;0;99;0
11267878;427,758;0;0;3;0;4;2;0;99;0
11269378;427,825;0;0;2;8;3;1;0;99;0
11270878;427,896;0;0;1;7;2;0;0;99;0
11272378;427,963;0;0;0;6;1;5;0;99;0
11273878;428,033;0;0;5;5;0;4;0;99;0
11275378;428,103;0;0;4;4;5;3;0;99;0
11276907;428,175;0;0;3;3;4;2;0;99;0
11278407;428,243;0;0;2;2;3;1;0;99;0
11279907;428,311;0;0;1;1;2;0;0;99;0
11281407;428,38;0;0;0;0;1;6;0;99;0
11282907;428,45;0;0;0;0;0;5;0;99;4
11284407;428,518;0;0;0;4;0;4;0;99;3
11285907;428,585;0;0;0;3;4;3;0;99;2
11287407;428,65;0;0;0;2;3;2;0;99;1
11288907;428,715;0;0;0;1;2;1;0;99;0
11290407;428,783;0;0;4;0;1;0;0;99;0
11291907;428,852;0;0;3;0;0;0;0;99;4
11293428;428,923;0;0;2;4;0;0;0;99;3
11294928;428,991;0;0;1;3;4;0;0;99;2
11296428;429,058;0;0;0;2;3;0;0;99;1
11297928;429,125;0;0;5;1;2;0;0;99;0
11299428;429,195;0;0;4;0;1;4;0;99;0
11300928;429,262;0;0;3;5;0;3;0;99;0
11302428;429,331;4;0;2;4;0;2;0;99;0
11303928;429,397;3;0;1;3;0;1;0;99;0
11305428;429,465;2;0;0;2;0;0;0;99;0
11306928;429,533;1;0;6;1;0;0;0;99;0
11308428;429,6;0;0;5;0;0;4;0;99;0
11309948;429,671;0;0;4;6;0;3;0;99;0
11311448;429,741;0;0;3;5;4;2;0;99;0
11312948;429,808;0;0;2;4;3;1;0;99;0
11314448;429,879;0;0;1;3;2;0;0;99;0
11315948;429,948;4;0;0;2;1;0;0;99;0
11317448;430,013;3;0;7;1;0;0;0;99;0
11318948;430,081;2;0;6;0;5;0;0;99;0
11320448;430,148;1;0;5;7;4;0;0;99;0
11321948;430,215;0;0;4;6;3;0;0;99;0
11323448;430,282;0;0;3;5;2;0;0;99;4
11324948;430,35;0;0;2;4;1;0;0;99;3
11326469;430,418;0;0;1;3;0;0;0;99;2
11327969;430,484;0;0;0;2;6;0;0;99;1
11329469;430,55;0;0;8;1;5;0;0;99;0
11330969;430,621;0;0;7;0;4;4;0;99;0
11332469;430,687;0;0;6;8;3;3;0;99;0
11333969;430,757;0;0;5;7;2;2;0;99;0
11335469;430,824;0;0;4;6;1;1;0;99;0
11336969;430,893;0;0;3;5;0;0;0;99;0
11338469;430,962;0;0;2;4;0;5;0;99;0
11339969;431,032;0;0;1;3;4;4;0;99;0
11341469;431,099;0;0;0;2;3;3;0;99;0
11342993;431,171;4;0;0;1;2;2;0;99;0
11344493;431,236;3;0;0;0;1;1;0;99;0
11345993;431,305;2;0;0;0;0;0;0;99;4
11347493;431,373;1;0;0;0;5;0;0;99;3
11348993;431,439;0;0;0;0;4;4;0;99;2
11350493;431,505;0;0;4;0;3;3;0;99;1
11351993;431,571;0;0;3;0;2;2;0;99;0
11353493;431,642;0;0;2;4;1;1;0;99;0
11354993;431,71;0;0;1;3;0;0;0;99;0
11356493;431,782;0;0;0;2;6;0;0;99;0
11357993;431,851;0;0;5;1;5;0;0;99;0
11359512;431,922;4;0;4;0;4;0;0;99;0
11361012;431,988;3;0;3;5;3;0;0;99;0
11362512;432,055;2;0;2;4;2;0;0;99;0
11364012;432,121;1;0;1;3;1;0;0;99;0
11365512;432,187;0;0;0;2;0;0;0;99;0
11367512;432,282;0;0;6;1;0;4;0;99;0
11369012;432,351;0;0;5;0;4;3;0;99;0
11370512;432,42;0;0;4;6;3;2;0;99;0
11372012;432,491;0;0;3;5;2;1;0;99;0
11373512;432,56;0;0;2;4;1;0;0;99;0
11375012;432,628;4;0;1;3;0;0;0;99;0
11376533;432,697;3;0;0;2;0;0;0;99;4
11378033;432,765;2;0;7;1;0;0;0;99;3
11379533;432,83;1;0;6;0;0;0;0;99;2
11381033;432,899;0;0;5;7;0;0;0;99;1
11382533;432,966;0;0;4;6;0;4;0;99;0
11384033;433,037;0;0;3;5;4;3;0;99;0
11385533;433,105;0;0;2;4;3;2;0;99;0
11387033;433,175;0;0;1;3;2;1;0;99;0
11388533;433,242;0;0;0;2;1;0;0;99;0
11390033;433,312;0;0;8;1;0;0;0;99;0
11391533;433,382;0;0;7;0;5;0;0;99;0
11393055;433,454;0;0;6;0;4;0;0;99;4
11394555;433,522;0;0;5;4;3;0;0;99;3
11396055;433,59;0;0;4;3;2;0;0;99;2
11397555;433,655;0;0;3;2;1;0;0;99;1
11399055;433,722;0;0;2;1;0;0;0;99;0
11400555;433,793;0;0;1;0;6;0;0;99;0
11402055;433,861;0;0;0;5;5;0;0;99;0
11403555;433,932;0;0;0;4;4;4;0;99;0
11405055;433,999;0;0;4;3;3;3;0;99;0
11406555;434,068;0;0;3;2;2;2;0;99;0
11408055;434,137;0;0;2;1;1;1;0;99;0
11409571;434,207;0;0;1;0;0;0;0;99;0
11411571;434,302;0;0;0;0;7;5;0;99;0
11413071;434,371;0;0;5;0;6;4;0;99;0
11414571;434,441;0;0;4;4;5;3;0;99;0
11416071;434,509;0;0;3;3;4;2;0;99;0
11417571;434,578;0;0;2;2;3;1;0;99;0
11419071;434,648;0;0;1;1;2;0;0;99;0
11420571;434,716;0;0;0;0;1;6;0;99;0
11422071;434,787;0;0;0;5;0;5;0;99;0
11423571;434,856;0;0;4;4;0;4;0;99;0
11425071;434,926;0;0;3;3;0;3;0;99;4
11426597;434,994;0;0;2;2;0;2;0;99;3
11428097;435,062;0;0;1;1;0;1;0;99;2
11429597;435,128;0;0;0;0;0;0;0;99;1
11431597;435,222;0;0;0;6;4;0;0;99;0
11433097;435,291;0;0;4;5;3;0;0;99;0
11434597;435,361;0;0;3;4;2;4;0;99;0
11436097;435,429;0;0;2;3;1;3;0;99;0
11437597;435,499;0;0;1;2;0;2;0;99;0
11439097;435,566;4;0;0;1;0;1;0;99;0
11440597;435,634;3;0;5;0;0;0;0;99;0
11442097;435,703;2;0;4;0;4;0;0;99;0
11443619;435,771;1;0;3;0;3;0;4;99;0
11445119;435,833;0;0;2;0;2;0;3;99;0
11446619;435,9;0;0;1;4;1;0;2;99;0
11448119;435,964;0;0;0;3;0;0;1;99;0
11449619;436,032;0;0;6;2;0;0;0;99;0
11451119;436,102;0;0;5;1;4;0;0;99;0
11452619;436,173;4;0;4;0;3;0;0;99;0
11454119;436,239;3;0;3;5;2;0;0;99;0
11455619;436,306;2;0;2;4;1;0;0;99;0
11457119;436,372;1;0;1;3;0;0;0;99;0
11458619;436,441;0;0;0;2;5;0;0;99;0
11460138;436,512;5;0;0;1;4;0;0;99;0
11461638;436,581;4;0;0;0;3;4;0;99;0
11463138;436,649;3;0;4;0;2;3;0;99;0
11464638;436,718;2;0;3;0;1;2;0;99;0
11466138;436,785;1;0;2;0;0;1;0;99;0
11467638;436,856;0;0;1;4;0;0;0;99;0
11469138;436,925;0;0;0;3;4;0;0;99;0
11470638;436,996;0;0;5;2;3;0;0;99;0
11472138;437,064;4;0;4;1;2;0;0;99;0
11473638;437,131;3;0;3;0;1;0;0;99;0
11475138;437,199;2;0;2;5;0;0;0;99;0
11476657;437,268;1;4;1;4;0;0;0;99;0
11478157;437,334;0;3;0;3;0;0;0;99;0
11479657;437,403;0;2;6;2;0;0;0;99;0
11481157;437,473;0;1;5;1;4;0;0;99;0
11482657;437,539;0;0;4;0;3;0;0;99;0
11484157;437,61;0;0;3;6;2;0;0;99;0
11485657;437,679;0;0;2;5;1;4;0;99;0
11487157;437,748;0;0;1;4;0;3;0;99;0
11488657;437,817;4;0;0;3;0;2;0;99;0
11490157;437,883;3;0;7;2;0;1;0;99;0
11491657;437,948;2;0;6;1;0;0;0;99;0
11493182;438,017;1;0;5;0;0;0;4;99;0
11494682;438,08;0;0;4;7;0;0;3;99;0
11496182;438,145;0;0;3;6;4;0;2;99;0
11497682;438,211;0;0;2;5;3;0;1;99;0
11499182;438,276;0;0;1;4;2;0;0;99;0
11500682;438,345;0;0;0;3;1;4;0;99;0
11502182;438,412;0;0;8;2;0;3;0;99;0
11503682;438,482;0;0;7;1;5;2;0;99;0
11505182;438,55;0;0;6;0;4;1;0;99;0
11506682;438,62;0;0;5;8;3;0;0;99;0
11508182;438,689;0;0;4;7;2;5;0;99;0
11509700;438,759;0;0;3;6;1;4;0;99;0
11511200;438,827;0;0;2;5;0;3;0;99;0
11512700;438,897;0;4;1;4;0;2;0;99;0
11514200;438,963;0;3;0;3;0;1;0;99;0
11515700;439,032;0;2;8;2;0;0;0;99;0
11517200;439,1;0;1;7;1;0;6;0;99;0
11518700;439,168;0;0;6;0;0;5;0;99;0
11520200;439,238;0;0;5;8;0;4;0;99;0
11521700;439,307;4;0;4;7;0;3;0;99;0
11523200;439,373;3;0;3;6;0;2;0;99;0
11524700;439,441;2;0;2;5;0;1;0;99;0
11526222;439,508;1;0;1;4;0;0;0;99;0
11527722;439,576;0;0;0;3;0;0;0;99;4
11529222;439,643;0;0;8;2;0;0;0;99;3
11530722;439,711;0;0;7;1;4;0;0;99;2
11532222;439,777;0;0;6;0;3;0;0;99;1
11533722;439,844;0;0;5;8;2;0;0;99;0
11535222;439,913;0;0;4;7;1;0;0;99;5
11536722;439,978;0;0;3;6;0;0;0;99;4
11538222;440,045;0;0;2;5;0;4;0;99;3
11539722;440,111;0;0;1;4;0;3;0;99;2
11541222;440,177;0;0;0;3;0;2;0;99;1
11542743;440,245;0;0;0;2;0;1;4;99;0
11544243;440,311;0;0;4;1;0;0;3;99;0
11545743;440,377;0;0;3;0;0;5;2;99;0
11547243;440,444;0;0;2;8;0;4;1;99;0
11548743;440,508;0;0;1;7;0;3;0;99;0
11550243;440,579;0;0;0;6;4;2;0;99;0
11551743;440,646;0;0;5;5;3;1;0;99;0
11553243;440,715;0;0;4;4;2;0;0;99;0
11554743;440,781;4;0;3;3;1;0;0;99;0
11556243;440,849;3;0;2;2;0;0;0;99;0
11557743;440,918;2;0;1;1;0;4;0;99;0
11559271;440,987;1;0;0;0;0;3;0;99;0
11560771;441,058;0;0;0;8;0;2;0;99;0
11562271;441,126;0;0;4;7;0;1;0;99;0
11563771;441,195;0;0;3;6;0;0;0;99;4
11565271;441,264;4;0;2;5;0;0;0;99;3
11566771;441,327;3;0;1;4;0;0;0;99;2
11568271;441,393;2;0;0;3;0;0;0;99;1
11569771;441,457;1;0;5;2;0;0;0;99;0
11571271;441,523;0;0;4;1;4;0;0;99;0
11572771;441,593;0;0;3;0;3;4;0;99;0
11574271;441,661;0;0;2;8;2;3;0;99;0
11575789;441,732;0;0;1;7;1;2;0;99;0
11577289;441,8;0;0;0;6;0;1;0;99;0
11578789;441,869;0;0;0;5;0;0;0;99;4
11580289;441,938;0;0;0;4;0;5;0;99;3
11581789;442,004;0;0;4;3;0;4;0;99;2
11583289;442,071;0;0;3;2;0;3;0;99;1
11584789;442,136;0;0;2;1;0;2;0;99;0
11586289;442,204;0;0;1;0;0;1;0;99;5
11587789;442,271;0;0;0;8;0;0;0;99;4
11589289;442,341;0;0;5;7;0;0;0;99;3
11590789;442,407;0;0;4;6;4;0;0;99;2
11592313;442,476;0;0;3;5;3;0;0;99;1
11593813;442,541;0;0;2;4;2;0;0;99;0
11595313;442,609;0;0;1;3;1;4;0;99;0
11596813;442,677;0;0;0;2;0;3;0;99;0
11598313;442,749;0;0;0;1;0;2;0;99;4
11599813;442,817;0;0;4;0;0;1;0;99;3
11601313;442,885;0;4;3;0;0;0;0;99;2
11602813;442,951;0;3;2;4;0;0;0;99;1
11604313;443,017;0;2;1;3;0;0;0;99;0
11605813;443,083;0;1;0;2;0;4;0;99;0
11607313;443,149;0;0;5;1;0;3;0;99;0
11608835;443,221;0;0;4;0;0;2;4;99;0
11610335;443,285;0;0;3;5;0;1;3;99;0
11611835;443,35;0;0;2;4;0;0;2;99;0
11613335;443,415;0;0;1;3;4;0;1;99;0
11614835;443,48;0;0;0;2;3;0;0;99;0
11616335;443,549;0;0;6;1;2;0;0;99;0
11617835;443,619;4;0;5;0;1;0;0;99;0
11619335;443,685;3;0;4;0;0;4;0;99;0
11620835;443,753;2;0;3;0;5;3;0;99;0
11622335;443,818;1;0;2;0;4;2;0;99;0
11623835;443,886;0;0;1;0;3;1;0;99;0
11625360;443,955;0;0;0;0;2;0;4;99;0
11626860;444,025;0;0;0;4;1;0;3;99;0
11628360;444,091;0;0;4;3;0;0;2;99;0
11629860;444,157;0;0;3;2;0;4;1;99;0
11631360;444,222;0;0;2;1;0;3;0;99;0
11632860;444,29;0;0;1;0;4;2;0;99;0
11634360;444,36;0;0;0;5;3;1;0;99;0
11635860;444,428;0;0;5;4;2;0;0;99;0
11637360;444,498;0;0;4;3;1;5;0;99;0
11638860;444,567;0;0;3;2;0;4;0;99;0
11640360;444,637;0;4;2;1;0;3;0;99;0
11641879;444,705;0;3;1;0;0;2;0;99;0
11643379;444,774;0;2;0;6;0;1;0;99;0
11644879;444,841;0;1;6;5;0;0;0;99;0
11646379;444,91;0;0;5;4;4;0;0;99;0
11647879;444,978;0;0;4;3;3;4;0;99;0
11649379;445,047;0;0;3;2;2;3;0;99;0
11650879;445,115;0;0;2;1;1;2;0;99;0
11652379;445,184;0;0;1;0;0;1;0;99;0
11653879;445,254;0;0;0;7;0;0;0;99;0
11655879;445,348;0;0;0;6;4;5;0;99;0
11657379;445,417;0;0;4;5;3;4;0;99;0
11658901;445,488;0;0;3;4;2;3;0;99;0
11660401;445,556;0;0;2;3;1;2;0;99;0
11661901;445,626;0;0;1;2;0;1;0;99;0
11663401;445,694;0;4;0;1;0;0;0;99;0
11664901;445,764;0;3;5;0;0;0;0;99;0
11666401;445,833;0;2;4;8;0;0;0;99;0
11667901;445,902;0;1;3;7;4;0;0;99;0
11669401;445,968;0;0;2;6;3;0;0;99;0
11670901;446,037;4;0;1;5;2;0;0;99;0
11672401;446,102;3;0;0;4;1;0;0;99;0
11673901;446,167;2;0;6;3;0;0;0;99;0
11675425;446,236;1;0;5;2;0;0;4;99;0
11676925;446,298;0;0;4;1;0;0;3;99;0
11678425;446,366;0;0;3;0;4;0;2;99;0
11679925;446,431;0;0;2;8;3;0;1;99;0
11681425;446,498;0;0;1;7;2;0;0;99;0
11682925;446,566;0;0;0;6;1;4;0;99;0
11684425;446,634;0;0;7;5;0;3;0;99;0
11685925;446,702;0;0;6;4;5;2;0;99;0
11687425;446,772;0;0;5;3;4;1;0;99;0
11688925;446,841;0;0;4;2;3;0;0;99;0
11690425;446,911;0;0;3;1;2;5;0;99;0
11691951;446,981;0;0;2;0;1;4;0;99;0
11693451;447,05;4;0;1;0;0;3;0;99;0
11694951;447,116;3;0;0;0;0;2;0;99;4
11696451;447,182;2;0;8;0;0;1;0;99;3
11697951;447,246;1;0;7;0;0;0;0;99;2
11699451;447,312;0;0;6;4;0;0;0;99;1
11700951;447,379;0;0;5;3;0;4;0;99;0
11702451;447,45;4;0;4;2;0;3;0;99;0
11703951;447,517;3;0;3;1;0;2;0;99;0
11705451;447,584;2;0;2;0;0;1;0;99;0
11706951;447,65;1;0;1;5;0;0;0;99;0
11708476;447,717;0;0;0;4;0;0;0;99;4
11709976;447,787;0;0;8;3;0;0;0;99;3
11711476;447,854;0;0;7;2;4;0;0;99;2
11712976;447,921;0;0;6;1;3;0;0;99;1
11714476;447,986;0;0;5;0;2;0;0;99;0
11715976;448,057;0;0;4;6;1;0;0;99;0
11717476;448,125;4;0;3;5;0;0;0;99;0
11718976;448,192;3;0;2;4;0;0;0;99;4
11720476;448,257;2;0;1;3;0;0;0;99;3
11721976;448,321;1;0;0;2;0;0;0;99;2
11723476;448,389;0;4;0;1;0;0;0;99;1
11724997;448,457;0;3;0;0;0;0;4;99;0
11726497;448,526;0;2;4;0;0;0;3;99;0
11727997;448,591;0;1;3;4;0;0;2;99;0
11729497;448,657;0;0;2;3;0;0;1;99;0
11730997;448,724;0;0;1;2;4;0;0;99;0
11732497;448,793;4;0;0;1;3;0;0;99;0
11733997;448,858;3;0;5;0;2;0;0;99;0
11735497;448,925;2;0;4;5;1;0;0;99;0
11736997;448,99;1;0;3;4;0;0;0;99;0
11738497;449,058;0;0;2;3;5;0;0;99;0
11739997;449,126;5;0;1;2;4;0;0;99;0
11741515;449,194;4;0;0;1;3;0;0;99;0
11743015;449,26;3;0;0;0;2;0;0;99;4
11744515;449,325;2;0;0;0;1;4;0;99;3
11746015;449,389;1;0;0;0;0;3;0;99;2
11747515;449,452;0;0;0;4;0;2;0;99;1
11749015;449,519;0;0;4;3;0;1;0;99;0
11750515;449,586;0;0;3;2;0;0;0;99;5
11752015;449,654;0;0;2;1;4;0;0;99;4
11753515;449,718;0;0;1;0;3;0;0;99;3
11755015;449,785;0;0;0;5;2;0;0;99;2
11756515;449,851;0;0;5;4;1;0;0;99;1
11758038;449,919;0;0;4;3;0;0;0;99;0
11759538;449,989;0;0;3;2;5;0;0;99;0
11761038;450,057;0;0;2;1;4;4;0;99;0
11762538;450,127;0;0;1;0;3;3;0;99;0
11764038;450,194;0;0;0;6;2;2;0;99;0
11765538;450,263;0;0;6;5;1;1;0;99;0
11767038;450,331;0;0;5;4;0;0;0;99;0
11768538;450,402;0;0;4;3;6;0;0;99;0
11770038;450,47;4;0;3;2;5;0;0;99;0
11771538;450,536;3;0;2;1;4;0;0;99;0
11773038;450,601;2;0;1;0;3;0;0;99;0
11774565;450,669;1;4;0;0;2;0;0;99;0
11776065;450,733;0;3;7;0;1;0;0;99;0
11777565;450,802;0;2;6;4;0;0;0;99;0
11779065;450,868;0;1;5;3;7;0;0;99;0
11780565;450,935;0;0;4;2;6;0;0;99;0
11782065;451,002;4;0;3;1;5;0;0;99;0
11783565;451,07;3;0;2;0;4;0;0;99;0
11785065;451,138;2;0;1;5;3;0;0;99;0
11786565;451,206;1;0;0;4;2;0;0;99;0
11788065;451,273;0;0;8;3;1;0;0;99;0
11789565;451,341;5;0;7;2;0;0;0;99;0
11791087;451,411;4;0;6;1;0;0;0;99;4
11792587;451,474;3;0;5;0;0;0;0;99;3
11794087;451,541;2;0;4;0;4;0;0;99;2
11795587;451,605;1;0;3;0;3;0;0;99;1
11797087;451,67;0;0;2;0;2;0;0;99;0
11798587;451,739;0;0;1;4;1;0;0;99;0
11800087;451,808;4;0;0;3;0;0;0;99;0
11801587;451,877;3;0;8;2;0;0;0;99;0
11803087;451,944;2;0;7;1;4;0;0;99;0
11804587;452,01;1;0;6;0;3;0;0;99;0
11806087;452,078;0;0;5;5;2;0;0;99;0
11807605;452,147;0;0;4;4;1;0;0;99;4
11809105;452,213;0;0;3;3;0;0;0;99;3
11810605;452,28;0;0;2;2;5;0;0;99;2
11812105;452,347;0;0;1;1;4;0;0;99;1
11813605;452,412;0;0;0;0;3;0;0;99;0
11815605;452,508;0;0;0;6;2;4;0;99;0
11817105;452,574;0;0;4;5;1;3;0;99;0
11818605;452,644;0;0;3;4;0;2;0;99;0
11820105;452,712;0;0;2;3;6;1;0;99;0
11821605;452,781;0;0;1;2;5;0;0;99;0
11823105;452,85;0;0;0;1;4;5;0;99;0
11824627;452,921;0;0;0;0;3;4;4;99;0
11826127;452,987;0;0;4;0;2;3;3;99;0
11827627;453,05;0;0;3;0;1;2;2;99;0
11829127;453,115;0;0;2;0;0;1;1;99;0
11830627;453,181;0;0;1;4;0;0;0;99;0
11832127;453,254;0;0;0;3;4;0;0;99;0
11833627;453,324;0;0;5;2;3;0;0;99;0
11835127;453,393;0;0;4;1;2;0;0;99;4
11836627;453,458;0;0;3;0;1;0;0;99;3
11838127;453,526;0;0;2;5;0;0;0;99;2
11839627;453,593;0;0;1;4;5;0;0;99;1
11841147;453,662;0;0;0;3;4;0;0;99;0
11842647;453,732;0;0;6;2;3;0;0;99;0
11844147;453,802;4;0;5;1;2;0;0;99;0
11845647;453,868;3;0;4;0;1;0;0;99;0
11847147;453,936;2;0;3;6;0;0;0;99;0
11848647;454,004;1;0;2;5;6;0;0;99;0
11850147;454,07;0;0;1;4;5;0;0;99;0
11851647;454,14;0;0;0;3;4;4;0;99;0
11853147;454,209;0;0;7;2;3;3;0;99;0
11854647;454,278;0;0;6;1;2;2;0;99;0
11856147;454,346;0;0;5;0;1;1;0;99;0
11857671;454,416;0;0;4;7;0;0;0;99;0
11859171;454,485;0;0;3;6;7;0;0;99;0
11860671;454,556;4;0;2;5;6;0;0;99;0
11862171;454,622;3;0;1;4;5;0;0;99;0
11863671;454,687;2;0;0;3;4;0;0;99;0
11865171;454,752;1;0;8;2;3;0;0;99;0
11866671;454,82;0;0;7;1;2;0;0;99;0
11868171;454,888;0;0;6;0;1;4;0;99;0
11869671;454,958;0;0;5;0;0;3;0;99;4
11871171;455,026;0;0;4;4;0;2;0;99;3
11872671;455,093;0;0;3;3;0;1;0;99;2
11874197;455,161;0;0;2;2;0;0;0;99;1
11875697;455,231;4;0;1;1;0;0;0;99;0
11877197;455,299;3;0;0;0;4;0;0;99;0
11878697;455,368;2;0;8;0;3;0;0;99;0
11880197;455,438;1;0;7;4;2;0;0;99;0
11881697;455,504;0;0;6;3;1;0;0;99;0
11883197;455,574;0;4;5;2;0;0;0;99;0
11884697;455,643;0;3;4;1;0;4;0;99;0
11886197;455,711;0;2;3;0;0;3;0;99;0
11887697;455,782;0;1;2;5;0;2;0;99;0
11889197;455,847;0;0;1;4;0;1;0;99;0
11890720;455,918;0;5;0;3;0;0;0;99;0
11892220;455,988;0;4;8;2;0;0;0;99;0
11893720;456,056;0;3;7;1;0;0;0;99;4
11895220;456,122;0;2;6;0;0;0;0;99;3
11896720;456,189;0;1;5;6;0;0;0;99;2
11898220;456,256;0;0;4;5;0;0;0;99;1
11899720;456,322;0;0;3;4;4;0;0;99;0
11901220;456,392;0;0;2;3;3;4;0;99;0
11902720;456,46;0;0;1;2;2;3;0;99;0
11904220;456,529;0;0;0;1;1;2;0;99;0
11905720;456,596;0;0;8;0;0;1;0;99;0
11907247;456,668;0;0;7;0;5;0;0;99;0
11908747;456,736;0;0;6;4;4;0;0;99;0
11910247;456,806;4;0;5;3;3;0;0;99;0
11911747;456,873;3;0;4;2;2;0;0;99;0
11913247;456,938;2;0;3;1;1;0;0;99;0
11914747;457,005;1;0;2;0;0;0;0;99;0
11916247;457,074;0;0;1;5;0;0;0;99;0
11917747;457,144;5;0;0;4;0;0;0;99;0
11919247;457,212;4;4;0;3;0;0;0;99;0
11920747;457,279;3;3;0;2;0;0;0;99;4
11922247;457,342;2;2;0;1;0;0;0;99;3
11923767;457,408;1;1;0;0;0;0;0;99;2
11925267;457,473;0;0;4;0;0;0;0;99;1
11926767;457,544;0;0;3;4;0;0;0;99;0
11928267;457,613;0;0;2;3;4;0;0;99;0
11929767;457,682;4;0;1;2;3;0;0;99;0
11931267;457,747;3;0;0;1;2;0;0;99;0
11932767;457,815;2;4;0;0;1;0;0;99;0
11934267;457,881;1;3;0;0;0;0;0;99;4
11935767;457,946;0;2;0;0;5;0;0;99;3
11937267;458,014;0;1;4;0;4;0;0;99;2
11938767;458,079;0;0;3;0;3;0;0;99;1
11940285;458,148;4;0;2;0;2;0;0;99;0
11941785;458,213;3;0;1;4;1;0;0;99;0
11943285;458,279;2;0;0;3;0;0;0;99;0
11944785;458,346;1;0;5;2;0;0;0;99;0
11946285;458,414;0;0;4;1;4;0;0;99;0
11947785;458,483;5;0;3;0;3;0;0;99;0
11949285;458,551;4;0;2;0;2;0;0;99;4
11950785;458,615;3;0;1;0;1;0;0;99;3
11952285;458,681;2;0;0;0;0;0;0;99;2
11953785;458,749;1;4;0;0;0;0;0;99;1
11955285;458,814;0;3;4;0;0;0;0;99;0
11956808;458,886;0;2;3;4;0;0;0;99;0
11958308;458,953;0;1;2;3;4;0;0;99;0
11959808;459,02;0;0;1;2;3;0;0;99;0
11961308;459,089;4;0;0;1;2;0;0;99;0
11962808;459,156;3;0;0;0;1;4;0;99;0
11964308;459,222;2;0;4;0;0;3;0;99;0
11965808;459,291;1;0;3;4;0;2;0;99;0
11967308;459,357;0;0;2;3;0;1;0;99;0
11968808;459,428;0;0;1;2;4;0;0;99;0
11970308;459,497;0;0;0;1;3;5;0;99;0
11971808;459,565;4;0;0;0;2;4;0;99;0
11973333;459,632;3;0;0;0;1;3;0;99;4
11974833;459,697;2;0;0;0;0;2;0;99;3
11976333;459,761;1;0;4;0;0;1;0;99;2
11977833;459,827;0;0;3;0;0;0;0;99;1
11979333;459,897;0;0;2;4;0;0;0;99;0
11980833;459,968;0;0;1;3;0;4;0;99;0
11982333;460,039;4;0;0;2;0;3;0;99;0
11983833;460,104;3;0;5;1;0;2;0;99;0
11985333;460,17;2;0;4;0;0;1;0;99;0
11986833;460,236;1;0;3;5;0;0;0;99;0
11988333;460,303;0;0;2;4;4;0;0;99;0
11989850;460,372;0;0;1;3;3;0;4;99;0
11991350;460,438;0;0;0;2;2;0;3;99;0
11992850;460,503;0;0;6;1;1;0;2;99;0
11994350;460,567;0;0;5;0;0;0;1;99;0
11995850;460,635;0;0;4;6;0;0;0;99;0
11997350;460,703;0;0;3;5;4;0;0;99;0
11998850;460,772;4;0;2;4;3;0;0;99;0
12000350;460,839;3;0;1;3;2;0;0;99;0
12001850;460,905;2;0;0;2;1;0;0;99;0
12003350;460,97;1;0;7;1;0;0;0;99;0
12004850;461,039;0;0;6;0;0;0;0;99;4
12006373;461,109;0;0;5;7;0;0;0;99;3
12007873;461,175;4;0;4;6;0;0;0;99;2
12009373;461,239;3;0;3;5;0;0;0;99;1
12010873;461,303;2;0;2;4;0;0;0;99;0
12012373;461,369;1;0;1;3;4;0;0;99;0
12013873;461,435;0;0;0;2;3;0;0;99;0
12015373;461,503;0;0;8;1;2;0;0;99;0
12016873;461,572;4;0;7;0;1;0;0;99;0
12018373;461,639;3;0;6;8;0;0;0;99;0
12019873;461,708;2;0;5;7;0;4;0;99;0
12021373;461,774;1;0;4;6;0;3;0;99;0
12022894;461,843;0;0;3;5;0;2;0;99;0
12024394;461,912;0;0;2;4;4;1;0;99;0
12025894;461,982;0;0;1;3;3;0;0;99;0
12027394;462,049;4;0;0;2;2;0;0;99;0
12028894;462,117;3;0;8;1;1;0;0;99;0
12030394;462,182;2;0;7;0;0;0;0;99;0
12031894;462,251;1;0;6;8;0;0;0;99;0
12033394;462,32;0;0;5;7;4;0;0;99;0
12034894;462,387;0;0;4;6;3;4;0;99;0
12036394;462,456;0;0;3;5;2;3;0;99;0
12037894;462,525;0;0;2;4;1;2;0;99;0
12039416;462,593;0;0;1;3;0;1;0;99;0
12040916;462,663;0;0;0;2;5;0;0;99;0
12042416;462,733;0;0;8;1;4;0;0;99;0
12043916;462,801;4;0;7;0;3;0;0;99;0
12045416;462,872;3;0;6;8;2;0;0;99;0
12046916;462,937;2;0;5;7;1;0;0;99;0
12048416;463,001;1;0;4;6;0;0;0;99;0
12049916;463,068;0;0;3;5;6;0;0;99;0
12051416;463,137;5;0;2;4;5;0;0;99;0
12052916;463,202;4;0;1;3;4;0;0;99;0
12054416;463,27;3;0;0;2;3;0;0;99;0
12055945;463,339;2;0;0;1;2;0;4;99;0
12057445;463,4;1;0;0;0;1;0;3;99;0
12058945;463,464;0;0;0;8;0;0;2;99;0
12060445;463,533;0;0;4;7;0;0;1;99;0
12061945;463,599;0;0;3;6;4;0;0;99;0
12063445;463,666;0;0;2;5;3;4;0;99;0
12064945;463,736;0;0;1;4;2;3;0;99;0
12066445;463,806;0;0;0;3;1;2;0;99;0
12067945;463,874;0;0;5;2;0;1;0;99;0
12069445;463,943;4;0;4;1;0;0;0;99;0
12070945;464,01;3;0;3;0;0;0;0;99;4
12072460;464,078;2;0;2;0;4;0;0;99;3
12073960;464,144;1;0;1;0;3;0;0;99;2
12075460;464,209;0;0;0;0;2;0;0;99;1
12076960;464,277;0;0;0;4;1;0;0;99;0
12078460;464,347;0;0;4;3;0;0;0;99;0
12079960;464,416;0;0;3;2;5;0;0;99;0
12081460;464,484;0;0;2;1;4;4;0;99;0
12082960;464,555;0;0;1;0;3;3;0;99;0
12084460;464,622;0;0;0;5;2;2;0;99;0
12085960;464,69;0;0;5;4;1;1;0;99;0
12087460;464,758;0;0;4;3;0;0;0;99;0
12088978;464,829;0;0;3;2;0;0;0;99;4
12090478;464,897;0;0;2;1;4;0;0;99;3
12091978;464,961;0;0;1;0;3;0;0;99;2
12093478;465,028;0;0;0;6;2;0;0;99;1
12094978;465,096;0;0;6;5;1;0;0;99;0
12096478;465,164;0;0;5;4;0;4;0;99;0
12097978;465,234;4;0;4;3;0;3;0;99;0
12099478;465,299;3;0;3;2;0;2;0;99;0
12100978;465,365;2;0;2;1;0;1;0;99;0
12102478;465,433;1;0;1;0;0;0;0;99;0
12103978;465,5;0;4;0;0;0;0;0;99;0
12106002;465,596;0;3;7;0;0;0;0;99;4
12107502;465,662;0;2;6;4;0;0;0;99;3
12109002;465,728;0;1;5;3;0;0;0;99;2
12110502;465,793;0;0;4;2;0;0;0;99;1
12112002;465,862;0;0;3;1;4;0;0;99;0
12113502;465,929;4;0;2;0;3;0;0;99;0
12115002;465,996;3;0;1;5;2;0;0;99;0
12116502;466,061;2;0;0;4;1;0;0;99;0
12118002;466,128;1;0;8;3;0;0;0;99;0
12119502;466,194;0;0;7;2;0;0;0;99;4
12121002;466,263;5;0;6;1;0;0;0;99;3
12122524;466,328;4;0;5;0;0;0;0;99;2
12124024;466,395;3;0;4;6;0;0;0;99;1
12125524;466,459;2;0;3;5;0;0;0;99;0
12127024;466,527;1;0;2;4;0;4;0;99;0
12128524;466,592;0;0;1;3;0;3;0;99;0
12130024;466,66;0;0;0;2;4;2;0;99;0
12131524;466,728;4;0;0;1;3;1;0;99;0
12133024;466,793;3;0;0;0;2;0;0;99;0
12134524;466,863;2;0;0;7;1;0;0;99;0
12136024;466,929;1;0;4;6;0;0;0;99;0
12137524;466,999;0;0;3;5;0;0;0;99;4
12139047;467,068;0;4;2;4;0;0;0;99;3
12140547;467,135;0;3;1;3;0;0;0;99;2
12142047;467,2;0;2;0;2;0;0;0;99;1
12143547;467,268;0;1;0;1;4;0;0;99;0
12145047;467,335;0;0;4;0;3;0;0;99;0
12146547;467,403;0;0;3;8;2;0;0;99;0
12148047;467,472;4;0;2;7;1;0;0;99;0
12149547;467,538;3;0;1;6;0;0;0;99;0
12151047;467,607;2;0;0;5;5;0;0;99;0
12152547;467,673;1;0;5;4;4;0;0;99;0
12154047;467,741;0;0;4;3;3;0;0;99;0
12155571;467,811;0;4;3;2;2;0;0;99;0
12157071;467,879;0;3;2;1;1;0;0;99;0
12158571;467,944;0;2;1;0;0;0;0;99;0
12160071;468,013;0;1;0;8;0;0;0;99;0
12161571;468,084;0;0;6;7;0;0;0;99;0
12163071;468,152;0;0;5;6;4;0;0;99;0
12164571;468,222;0;4;4;5;3;0;0;99;0
12166071;468,288;0;3;3;4;2;0;0;99;0
12167571;468,356;0;2;2;3;1;0;0;99;0
12169071;468,422;0;1;1;2;0;0;0;99;0
12170571;468,491;0;0;0;1;0;4;0;99;0
12172095;468,561;0;0;7;0;0;3;0;99;0
12173595;468,632;0;0;6;8;0;2;0;99;0
12175095;468,701;0;0;5;7;4;1;0;99;0
12176595;468,77;0;0;4;6;3;0;0;99;0
12178095;468,84;0;0;3;5;2;5;0;99;0
12179595;468,91;0;0;2;4;1;4;0;99;0
12181095;468,978;0;0;1;3;0;3;0;99;0
12182595;469,049;0;0;0;2;5;2;0;99;0
12184095;469,117;0;0;8;1;4;1;0;99;0
12185595;469,187;0;0;7;0;3;0;0;99;0
12187095;469,255;0;0;6;8;2;0;0;99;0
12188618;469,326;4;0;5;7;1;0;0;99;0
12190118;469,391;3;0;4;6;0;0;0;99;0
12191618;469,459;2;0;3;5;0;4;0;99;0
12193118;469,524;1;0;2;4;0;3;0;99;0
12194618;469,592;0;0;1;3;0;2;0;99;0
12196118;469,661;0;0;0;2;4;1;0;99;0
12197618;469,73;0;0;8;1;3;0;0;99;0
12199118;469,797;0;0;7;0;2;5;0;99;0
12200618;469,864;0;0;6;8;1;4;0;99;0
12202118;469,934;0;0;5;7;0;3;0;99;0
12203618;470,002;0;0;4;6;5;2;0;99;0
12205138;470,074;0;0;3;5;4;1;0;99;0
12206638;470,143;0;0;2;4;3;0;0;99;0
12208138;470,214;0;0;1;3;2;6;0;99;0
12209638;470,282;0;0;0;2;1;5;0;99;0
12211138;470,352;0;0;8;1;0;4;0;99;0
12212638;470,419;0;0;7;0;6;3;0;99;0
12214138;470,489;0;0;6;8;5;2;0;99;0
12215638;470,557;0;0;5;7;4;1;0;99;0
12217138;470,628;0;0;4;6;3;0;0;99;0
12218638;470,696;0;0;3;5;2;7;0;99;0
12220138;470,766;0;0;2;4;1;6;0;99;0
12221659;470,836;0;0;1;3;0;5;0;99;0
12223159;470,906;0;0;0;2;7;4;0;99;0
12224659;470,974;0;0;8;1;6;3;0;99;0
12226159;471,042;0;0;7;0;5;2;0;99;0
12227659;471,113;0;0;6;8;4;1;0;99;0
12229159;471,18;0;0;5;7;3;0;0;99;0
12230659;471,25;0;0;4;6;2;8;0;99;0
12232159;471,319;0;0;3;5;1;7;0;99;0
12233659;471,39;0;0;2;4;0;6;0;99;0
12235159;471,46;0;0;1;3;8;5;0;99;0
12236659;471,529;0;0;0;2;7;4;0;99;0
12238184;471,597;0;0;8;1;6;3;0;99;0
12239684;471,667;0;0;7;0;5;2;0;99;0
12241184;471,734;0;0;6;8;4;1;0;99;0
12242684;471,802;0;0;5;7;3;0;0;99;0
12244184;471,873;4;0;4;6;2;0;0;99;0
12245684;471,938;3;0;3;5;1;0;0;99;0
12247184;472,005;2;0;2;4;0;0;0;99;0
12248684;472,072;1;0;1;3;0;4;0;99;0
12250184;472,137;0;0;0;2;0;3;0;99;0
12251684;472,208;0;0;8;1;0;2;0;99;0
12253184;472,277;4;0;7;0;0;1;0;99;0
12254701;472,344;3;0;6;0;0;0;0;99;4
12256201;472,412;2;4;5;0;0;0;0;99;3
12257701;472,477;1;3;4;0;0;0;0;99;2
12259201;472,542;0;2;3;0;0;0;0;99;1
12260701;472,608;0;1;2;4;0;0;0;99;0
12262201;472,676;0;0;1;3;4;0;0;99;0
12263701;472,745;4;0;0;2;3;0;0;99;0
12265201;472,811;3;0;0;1;2;4;0;99;0
12266701;472,879;2;0;0;0;1;3;0;99;0
12268201;472,944;1;0;0;5;0;2;0;99;0
12269701;473,01;0;0;0;4;0;1;0;99;4
12271229;473,078;0;0;4;3;0;0;0;99;3
12272729;473,145;4;0;3;2;0;0;0;99;2
12274229;473,211;3;0;2;1;0;0;0;99;1
12275729;473,278;2;0;1;0;0;0;0;99;0
12277229;473,347;1;0;0;0;0;4;0;99;0
12278729;473,415;0;0;5;0;0;3;0;99;0
12280229;473,487;0;0;4;0;4;2;0;99;0
12281729;473,555;0;0;3;4;3;1;0;99;0
12283229;473,623;0;0;2;3;2;0;0;99;0
12284729;473,691;0;0;1;2;1;5;0;99;0
12286229;473,76;0;0;0;1;0;4;0;99;0
12287754;473,832;0;0;6;0;0;3;0;99;0
12289254;473,902;0;0;5;5;0;2;0;99;0
12290754;473,972;0;0;4;4;4;1;0;99;0
12292254;474,041;0;0;3;3;3;0;0;99;0
12293754;474,111;4;0;2;2;2;0;0;99;0
12295254;474,176;3;0;1;1;1;0;0;99;0
12296754;474,242;2;0;0;0;0;0;0;99;0
12298754;474,339;1;4;0;0;0;0;0;99;4
12300254;474,404;0;3;0;0;0;4;0;99;3
12301754;474,47;0;2;4;0;0;3;0;99;2
12303254;474,535;0;1;3;0;0;2;0;99;1
12304782;474,602;0;0;2;0;0;1;0;99;0
12306282;474,672;0;0;1;4;0;0;0;99;0
12307782;474,743;0;0;0;3;0;0;0;99;4
12309282;474,812;0;0;5;2;0;0;0;99;3
12310782;474,882;0;0;4;1;0;4;0;99;2
12312282;474,948;0;0;3;0;0;3;0;99;1
12313782;475,017;0;0;2;0;4;2;0;99;0
12315282;475,087;0;0;1;4;3;1;0;99;0
12316782;475,155;0;0;0;3;2;0;0;99;0
12318282;475,226;0;0;6;2;1;0;0;99;0
12319782;475,293;4;0;5;1;0;0;0;99;0
12321304;475,362;3;0;4;0;0;0;0;99;4
12322804;475,428;2;0;3;5;0;0;0;99;3
12324304;475,492;1;0;2;4;0;0;0;99;2
12325804;475,555;0;0;1;3;0;0;0;99;1
12327304;475,621;0;0;0;2;4;0;0;99;0
12328804;475,69;0;0;7;1;3;0;0;99;0
12330304;475,756;4;0;6;0;2;0;0;99;0
12331804;475,823;3;0;5;6;1;0;0;99;0
12333304;475,889;2;0;4;5;0;0;0;99;0
12334804;475,957;1;0;3;4;5;0;0;99;0
12336304;476,022;0;0;2;3;4;0;0;99;0
12337828;476,094;0;0;1;2;3;0;4;99;0
12339328;476,157;0;0;0;1;2;0;3;99;0
12340828;476,225;0;0;8;0;1;0;2;99;0
12342328;476,292;0;0;7;7;0;0;1;99;0
12343828;476,361;0;0;6;6;0;0;0;99;4
12345328;476,428;0;0;5;5;0;4;0;99;3
12346828;476,496;0;0;4;4;0;3;0;99;2
12348328;476,562;0;0;3;3;0;2;0;99;1
12349828;476,63;0;0;2;2;0;1;0;99;0
12351328;476,699;0;0;1;1;4;0;0;99;0
12352828;476,77;0;0;0;0;3;5;0;99;0
12354343;476,84;0;0;0;8;2;4;0;99;0
12355843;476,908;0;0;4;7;1;3;0;99;0
12357343;476,979;0;0;3;6;0;2;0;99;0
12358843;477,05;0;0;2;5;5;1;0;99;0
12360343;477,12;0;0;1;4;4;0;0;99;0
12361843;477,187;0;0;0;3;3;6;0;99;0
12363343;477,254;0;0;5;2;2;5;0;99;0
12364843;477,324;0;0;4;1;1;4;0;99;0
12366343;477,392;0;0;3;0;0;3;0;99;0
12367843;477,464;0;0;2;8;0;2;0;99;0
12369343;477,533;0;0;1;7;4;1;0;99;0
12370872;477,605;0;0;0;6;3;0;0;99;0
12372372;477,674;0;0;6;5;2;0;0;99;0
12373872;477,743;0;4;5;4;1;0;0;99;0
12375372;477,809;0;3;4;3;0;0;0;99;0
12376872;477,878;0;2;3;2;5;0;0;99;0
12378372;477,944;0;1;2;1;4;0;0;99;0
12379872;478,009;0;0;1;0;3;0;0;99;0
12381372;478,08;0;0;0;8;2;0;0;99;0
12382872;478,147;0;0;7;7;1;0;0;99;0
12384372;478,217;0;0;6;6;0;4;0;99;0
12385872;478,285;4;0;5;5;0;3;0;99;0
12387396;478,355;3;0;4;4;0;2;0;99;0
12388896;478,422;2;0;3;3;0;1;0;99;0
12390396;478,489;1;0;2;2;0;0;0;99;0
12391896;478,555;0;0;1;1;0;5;0;99;0
12393396;478,625;0;4;0;0;0;4;0;99;0
12394896;478,694;0;3;0;8;0;3;0;99;0
12396396;478,762;0;2;4;7;0;2;0;99;0
12397896;478,828;0;1;3;6;0;1;0;99;0
12399396;478,895;0;0;2;5;0;0;0;99;0
12400896;478,964;0;0;1;4;4;0;0;99;0
12402396;479,034;0;0;0;3;3;4;0;99;0
12403915;479,103;0;0;5;2;2;3;0;99;0
12405415;479,173;0;0;4;1;1;2;0;99;0
12406915;479,241;0;0;3;0;0;1;0;99;0
12408415;479,314;0;0;2;8;0;0;0;99;0
12409915;479,383;0;0;1;7;4;0;0;99;0
12411415;479,451;0;0;0;6;3;4;0;99;0
12412915;479,519;4;0;0;5;2;3;0;99;0
12414415;479,586;3;0;0;4;1;2;0;99;0
12415915;479,654;2;0;0;3;0;1;0;99;0
12417415;479,722;1;0;4;2;0;0;0;99;0
12418915;479,792;0;0;3;1;0;5;0;99;0
12420440;479,862;0;4;2;0;0;4;0;99;0
12421940;479,931;0;3;1;0;4;3;0;99;0
12423440;479,997;0;2;0;0;3;2;0;99;0
12424940;480,065;0;1;5;0;2;1;0;99;0
12426440;480,131;0;0;4;0;1;0;0;99;0
12427940;480,203;0;0;3;4;0;0;0;99;0
12429440;480,273;0;0;2;3;0;4;0;99;0
12430940;480,344;0;0;1;2;0;3;0;99;4
12432440;480,409;0;0;0;1;0;2;0;99;3
12433940;480,477;0;0;6;0;0;1;0;99;2
12435440;480,543;0;0;5;5;0;0;0;99;1
12436960;480,614;0;4;4;4;0;0;0;99;0
12438460;480,682;0;3;3;3;0;0;0;99;5
12439960;480,747;0;2;2;2;0;0;0;99;4
12441460;480,815;0;1;1;1;0;0;0;99;3
12442960;480,879;0;0;0;0;0;0;0;99;2
12444960;480,974;0;0;7;6;0;0;0;99;1
12446460;481,043;0;0;6;5;0;4;0;99;0
12447960;481,113;0;0;5;4;4;3;0;99;0
12449460;481,183;0;0;4;3;3;2;0;99;0
12450960;481,251;0;0;3;2;2;1;0;99;0
12452460;481,32;0;0;2;1;1;0;0;99;0
12453985;481,39;0;4;1;0;0;0;0;99;0
12455485;481,458;0;3;0;7;0;0;0;99;0
12456985;481,529;0;2;8;6;0;0;0;99;0
12458485;481,596;0;1;7;5;4;0;0;99;0
12459985;481,664;0;0;6;4;3;0;0;99;0
12461485;481,733;0;5;5;3;2;0;0;99;0
12462985;481,8;0;4;4;2;1;0;0;99;0
12464485;481,866;0;3;3;1;0;0;0;99;0
12465985;481,935;0;2;2;0;5;0;0;99;0
12467485;482,003;0;1;1;8;4;0;0;99;0
12468985;482,071;0;0;0;7;3;0;0;99;0
12470504;482,142;0;0;0;6;2;0;0;99;4
12472004;482,21;0;0;4;5;1;0;0;99;3
12473504;482,275;0;0;3;4;0;0;0;99;2
12475004;482,344;4;0;2;3;0;0;0;99;1
12476504;482,409;3;0;1;2;0;0;0;99;0
12478004;482,477;2;0;0;1;4;0;0;99;0
12479504;482,545;1;0;0;0;3;4;0;99;0
12481004;482,61;0;0;0;0;2;3;0;99;4
12482504;482,678;0;0;4;0;1;2;0;99;3
12484004;482,744;0;0;3;0;0;1;0;99;2
12485504;482,813;0;0;2;4;0;0;0;99;1
12487031;482,882;0;0;1;3;0;0;4;99;0
12488531;482,949;0;0;0;2;4;0;3;99;0
12490031;483,015;0;0;5;1;3;0;2;99;0
12491531;483,08;0;0;4;0;2;0;1;99;0
12493031;483,147;0;0;3;5;1;0;0;99;0
12494531;483,216;0;0;2;4;0;4;0;99;0
12496031;483,284;0;0;1;3;5;3;0;99;0
12497531;483,355;0;0;0;2;4;2;0;99;0
12499031;483,424;0;0;6;1;3;1;0;99;0
12500531;483,492;0;0;5;0;2;0;0;99;0
12502031;483,564;0;0;4;6;1;0;0;99;0
12503552;483,633;0;0;3;5;0;0;4;99;0
12505052;483,7;4;0;2;4;0;0;3;99;0
12506552;483,762;3;0;1;3;0;0;2;99;0
12508052;483,827;2;0;0;2;0;0;1;99;0
12509552;483,892;1;0;0;1;0;0;0;99;4
12511052;483,959;0;0;4;0;0;0;0;99;3
12512552;484,028;0;0;3;7;0;0;0;99;2
12514052;484,096;4;0;2;6;0;0;0;99;1
12515552;484,164;3;0;1;5;0;0;0;99;0
12517052;484,231;2;0;0;4;0;0;0;99;5
12518552;484,3;1;4;0;3;0;0;0;99;4
12520074;484,366;0;3;0;2;0;0;0;99;3
12521574;484,432;0;2;4;1;0;0;0;99;2
12523074;484,497;0;1;3;0;0;0;0;99;1
12524574;484,566;0;0;2;8;0;0;0;99;0
12526074;484,635;0;0;1;7;4;0;0;99;0
12527574;484,706;0;0;0;6;3;4;0;99;0
12529074;484,774;0;0;5;5;2;3;0;99;0
12530574;484,843;0;0;4;4;1;2;0;99;0
12532074;484,912;0;0;3;3;0;1;0;99;0
12533574;484,981;0;0;2;2;5;0;0;99;0
12535074;485,05;0;4;1;1;4;0;0;99;0
12536599;485,12;0;3;0;0;3;0;0;99;0
12538099;485,189;0;2;6;0;2;0;0;99;0
12539599;485,258;0;1;5;4;1;0;0;99;0
12541099;485,325;0;0;4;3;0;0;0;99;0
12542599;485,396;0;0;3;2;6;0;0;99;0
12544099;485,464;0;0;2;1;5;4;0;99;0
12545599;485,533;0;0;1;0;4;3;0;99;0
12547099;485,601;0;0;0;5;3;2;0;99;0
12548599;485,67;0;0;7;4;2;1;0;99;0
12550099;485,738;0;0;6;3;1;0;0;99;0
12551599;485,807;0;0;5;2;0;5;0;99;0
12553123;485,878;0;0;4;1;0;4;0;99;4
12554623;485,944;0;0;3;0;0;3;0;99;3
12556123;486,012;0;0;2;0;4;2;0;99;2
12557623;486,077;0;0;1;0;3;1;0;99;1
12559123;486,142;0;0;0;0;2;0;0;99;0
12561123;486,237;0;4;0;4;1;0;0;99;0
12562623;486,302;0;3;4;3;0;0;0;99;0
12564123;486,369;4;2;3;2;0;0;0;99;0
12565623;486,434;3;1;2;1;0;0;0;99;0
12567123;486,498;2;0;1;0;0;0;0;99;0
12568623;486,566;1;0;0;5;0;0;0;99;0
12570140;486,635;0;0;5;4;0;0;0;99;0
12571640;486,703;0;0;4;3;4;0;0;99;0
12573140;486,773;0;0;3;2;3;4;0;99;0
12574640;486,841;0;0;2;1;2;3;0;99;0
12576140;486,913;0;0;1;0;1;2;0;99;0
12577640;486,981;0;0;0;6;0;1;0;99;0
12579140;487,052;0;0;6;5;0;0;0;99;0
12580640;487,122;0;0;5;4;0;5;0;99;0
12582140;487,192;0;0;4;3;4;4;0;99;0
12583640;487,261;0;0;3;2;3;3;0;99;0
12585140;487,331;0;0;2;1;2;2;0;99;0
12586656;487,4;0;0;1;0;1;1;0;99;0
12588156;487,468;0;0;0;7;0;0;0;99;0
12590156;487,564;0;0;7;6;5;0;0;99;0
12591656;487,634;4;0;6;5;4;0;0;99;0
12593156;487,7;3;0;5;4;3;0;0;99;0
12594656;487,767;2;0;4;3;2;0;0;99;0
12596156;487,832;1;0;3;2;1;0;0;99;0
12597656;487,898;0;0;2;1;0;0;0;99;0
12599156;487,968;0;0;1;0;6;0;0;99;0
12600656;488,039;0;0;0;0;5;4;0;99;0
12602156;488,108;0;0;8;0;4;3;0;99;0
12603680;488,18;0;0;7;0;3;2;4;99;0
12605180;488,243;0;0;6;0;2;1;3;99;0
12606680;488,306;0;0;5;0;1;0;2;99;0
12608180;488,374;0;0;4;4;0;0;1;99;0
12609680;488,44;4;0;3;3;0;0;0;99;0
12611180;488,509;3;0;2;2;0;0;0;99;4
12612680;488,575;2;0;1;1;0;0;0;99;3
12614180;488,639;1;0;0;0;0;0;0;99;2
12615680;488,705;0;0;0;5;0;0;0;99;1
12617180;488,776;0;0;4;4;0;0;0;99;0
12618680;488,846;0;0;3;3;0;4;0;99;0
12620203;488,918;0;0;2;2;0;3;4;99;0
12621703;488,981;0;0;1;1;0;2;3;99;0
12623203;489,047;0;0;0;0;0;1;2;99;0
12624703;489,113;0;0;0;6;0;0;1;99;0
12626203;489,181;0;0;4;5;0;0;0;99;0
12627703;489,251;0;0;3;4;0;4;0;99;0
12629203;489,321;4;0;2;3;0;3;0;99;0
12630703;489,387;3;0;1;2;0;2;0;99;0
12632203;489,454;2;0;0;1;0;1;0;99;0
12633703;489,52;1;0;5;0;0;0;0;99;0
12635203;489,588;0;0;4;7;0;0;0;99;0
12636725;489,662;0;0;3;6;0;0;0;99;4
12638225;489,73;0;0;2;5;4;0;0;99;3
12639725;489,797;0;0;1;4;3;0;0;99;2
12641225;489,861;0;0;0;3;2;0;0;99;1
12642725;489,93;0;0;6;2;1;0;0;99;0
12644225;489,999;4;0;5;1;0;0;0;99;0
12645725;490,068;3;0;4;0;5;0;0;99;0
12647225;490,134;2;0;3;8;4;0;0;99;0
12648725;490,2;1;0;2;7;3;0;0;99;0
12650225;490,266;0;0;1;6;2;0;0;99;0
12651725;490,335;0;0;0;5;1;4;0;99;0
12653243;490,404;4;0;0;4;0;3;0;99;0
12654743;490,473;3;0;4;3;0;2;0;99;0
12656243;490,54;2;0;3;2;0;1;0;99;0
12657743;490,606;1;0;2;1;0;0;0;99;0
12659243;490,676;0;0;1;0;4;0;0;99;0
12660743;490,746;0;0;0;8;3;0;0;99;0
12662243;490,817;0;0;0;7;2;4;0;99;0
12663743;490,885;0;0;4;6;1;3;0;99;0
12665243;490,955;0;0;3;5;0;2;0;99;0
12666743;491,024;0;0;2;4;5;1;0;99;0
12668243;491,093;0;0;1;3;4;0;0;99;0
12669763;491,163;0;0;0;2;3;0;0;99;4
12671263;491,231;0;0;5;1;2;0;0;99;3
12672763;491,296;0;0;4;0;1;0;0;99;2
12674263;491,365;0;0;3;8;0;0;0;99;1
12675763;491,432;0;0;2;7;6;0;0;99;0
12677263;491,502;0;0;1;6;5;4;0;99;0
12678763;491,571;0;0;0;5;4;3;0;99;0
12680263;491,641;4;0;0;4;3;2;0;99;0
12681763;491,705;3;0;0;3;2;1;0;99;0
12683263;491,769;2;0;0;2;1;0;0;99;0
12684763;491,837;1;0;0;1;0;5;0;99;0
12686290;491,904;0;0;0;0;0;4;0;99;4
12687790;491,975;0;0;4;0;0;3;0;99;3
12689290;492,042;0;0;3;4;0;2;0;99;2
12690790;492,107;0;0;2;3;0;1;0;99;1
12692290;492,174;0;0;1;2;0;0;0;99;0
12693790;492,243;0;0;0;1;0;6;0;99;0
12695290;492,312;0;0;5;0;0;5;0;99;0
12696790;492,384;0;0;4;5;0;4;0;99;0
12698290;492,452;0;0;3;4;0;3;0;99;4
12699790;492,52;0;0;2;3;0;2;0;99;3
12701290;492,586;0;0;1;2;0;1;0;99;2
12702809;492,655;0;0;0;1;0;0;0;99;1
12704309;492,724;0;0;6;0;0;0;0;99;0
12706309;492,821;0;0;5;6;0;4;0;99;0
12707809;492,889;0;0;4;5;4;3;0;99;0
12709309;492,956;0;0;3;4;3;2;0;99;0
12710809;493,025;0;0;2;3;2;1;0;99;0
12712309;493,092;0;0;1;2;1;0;0;99;0
12713809;493,16;0;0;0;1;0;5;0;99;0
12715309;493,228;0;0;7;0;0;4;0;99;0
12716809;493,297;0;0;6;0;4;3;0;99;0
12718309;493,365;0;0;5;4;3;2;0;99;0
12719838;493,437;0;0;4;3;2;1;0;99;0
12721338;493,506;0;0;3;2;1;0;0;99;0
12722838;493,576;0;0;2;1;0;6;0;99;0
12724338;493,645;0;0;1;0;5;5;0;99;0
12725838;493,714;4;0;0;0;4;4;0;99;0
12727338;493,78;3;0;0;0;3;3;0;99;4
12728838;493,845;2;0;0;0;2;2;0;99;3
12730338;493,909;1;0;0;0;1;1;0;99;2
12731838;493,975;0;0;0;0;0;0;0;99;1
12733838;494,069;0;0;4;4;0;0;0;99;0
12735338;494,137;4;0;3;3;0;0;0;99;0
12736858;494,207;3;0;2;2;4;0;0;99;0
12738358;494,272;2;0;1;1;3;0;0;99;0
12739858;494,34;1;0;0;0;2;0;0;99;0
12741358;494,408;0;0;5;0;1;0;0;99;0
12742858;494,478;0;0;4;4;0;0;0;99;0
12744358;494,549;4;0;3;3;0;0;0;99;0
12745858;494,633;3;0;2;2;4;0;0;99;0
12747358;494,805;2;0;1;1;3;0;0;99;0
12748858;494,881;1;0;0;0;2;0;0;99;0
12750358;494,95;0;0;0;5;1;0;0;99;0
12751858;495,021;0;0;4;4;0;0;0;99;0
12753380;495,092;0;0;3;3;5;0;0;99;0
12754880;495,161;0;0;2;2;4;4;0;99;0
12756380;495,228;0;0;1;1;3;3;0;99;0
12757880;495,298;0;0;0;0;2;2;0;99;0
12759380;495,367;0;0;5;0;1;1;0;99;0
12760880;495,437;0;0;4;4;0;0;0;99;0
12762380;495,506;0;0;3;3;6;0;0;99;0
12763880;495,575;0;0;2;2;5;0;0;99;4
12765380;495,642;0;0;1;1;4;0;0;99;3
12766880;495,709;0;0;0;0;3;0;0;99;2
12768380;495,776;0;0;0;5;2;0;0;99;1
12769900;495,846;0;0;4;4;1;0;0;99;0
12771400;495,914;4;0;3;3;0;0;0;99;0
12772900;495,984;3;0;2;2;0;0;0;99;4
12774400;496,049;2;0;1;1;0;0;0;99;3
12775900;496,116;1;0;0;0;0;0;0;99;2
12777400;496,184;0;0;0;6;0;0;0;99;1
12778900;496,253;0;0;4;5;0;0;0;99;0
12780400;496,324;0;0;3;4;4;0;0;99;0
12781900;496,392;0;0;2;3;3;4;0;99;0
12783400;496,461;0;0;1;2;2;3;0;99;0
12784900;496,529;0;0;0;1;1;2;0;99;0
12786421;496,599;0;0;0;0;0;1;0;99;4
12787921;496,668;0;0;0;7;0;0;0;99;3
12789421;496,737;0;0;4;6;0;0;0;99;2
12790921;496,803;0;0;3;5;4;0;0;99;1
12792421;496,87;0;0;2;4;3;0;0;99;0
12793921;496,937;0;0;1;3;2;0;0;99;5
12795421;497,004;0;0;0;2;1;0;0;99;4
12796921;497,071;0;0;5;1;0;0;0;99;3
12798421;497,138;0;0;4;0;0;4;0;99;2
12799921;497,207;0;0;3;8;0;3;0;99;1
12801421;497,272;0;0;2;7;0;2;0;99;0
12802942;497,342;0;4;1;6;0;1;0;99;0
12804442;497,408;0;3;0;5;0;0;0;99;0
12805942;497,477;0;2;6;4;0;0;0;99;0
12807442;497,545;0;1;5;3;0;4;0;99;0
12808942;497,613;0;0;4;2;0;3;0;99;0
12810442;497,682;0;0;3;1;4;2;0;99;0
12811942;497,752;0;0;2;0;3;1;0;99;0
12813442;497,818;0;0;1;8;2;0;0;99;0
12814942;497,887;0;0;0;7;1;5;0;99;0
12816442;497,955;0;0;7;6;0;4;0;99;0
12817942;498,025;0;0;6;5;0;3;0;99;4
12819465;498,093;0;0;5;4;0;2;0;99;3
12820965;498,159;0;0;4;3;0;1;0;99;2
12822465;498,224;0;0;3;2;0;0;0;99;1
12823965;498,289;0;0;2;1;4;0;0;99;0
12825465;498,358;4;0;1;0;3;0;0;99;0
12826965;498,424;3;0;0;8;2;0;0;99;0
12828465;498,491;2;4;0;7;1;0;0;99;0
12829965;498,554;1;3;0;6;0;0;0;99;0
12831465;498,621;0;2;4;5;0;0;0;99;0
12832965;498,688;0;1;3;4;4;0;0;99;0
12834465;498,755;0;0;2;3;3;0;0;99;0
12835991;498,824;0;0;1;2;2;0;4;99;0
12837491;498,889;0;0;0;1;1;0;3;99;0
12838991;498,954;0;0;5;0;0;0;2;99;0
12840491;499,021;0;0;4;8;0;0;1;99;0
12841991;499,089;0;0;3;7;4;0;0;99;0
12843491;499,156;4;0;2;6;3;0;0;99;0
12844991;499,222;3;0;1;5;2;0;0;99;0
12846491;499,287;2;0;0;4;1;0;0;99;0
12847991;499,354;1;0;6;3;0;0;0;99;0
12849491;499,419;0;0;5;2;5;0;0;99;0
12850991;499,486;5;0;4;1;4;0;0;99;0
12852516;499,554;4;0;3;0;3;0;0;99;0
12854016;499,62;3;0;2;0;2;0;0;99;4
12855516;499,685;2;0;1;0;1;0;0;99;3
12857016;499,748;1;0;0;0;0;0;0;99;2
12858516;499,817;0;0;0;0;0;4;0;99;1
12860016;499,884;0;0;4;0;0;3;0;99;0
12861516;499,954;0;0;3;0;4;2;0;99;0
12863016;500,021;0;0;2;4;3;1;0;99;0
12864516;500,089;0;0;1;3;2;0;0;99;0
12866016;500,157;4;0;0;2;1;0;0;99;0
12867516;500,222;3;0;5;1;0;0;0;99;0
12869042;500,293;2;4;4;0;0;0;0;99;0
12870542;500,359;1;3;3;5;0;0;0;99;0
12872042;500,425;0;2;2;4;0;0;0;99;0
12873542;500,491;5;1;1;3;0;0;0;99;0
12875042;500,558;4;0;0;2;0;0;0;99;0
12876542;500,626;3;0;0;1;0;0;0;99;4
12878042;500,694;2;4;0;0;0;0;0;99;3
12879542;500,759;1;3;0;6;0;0;0;99;2
12881042;500,823;0;2;0;5;0;0;0;99;1
12882542;500,888;0;1;4;4;0;0;0;99;0
12884042;500,958;4;0;3;3;0;0;0;99;0
12885565;501,026;3;0;2;2;0;0;4;99;0
12887065;501,09;2;0;1;1;0;0;3;99;0
12888565;501,152;1;0;0;0;0;0;2;99;0
12890065;501,216;0;0;5;0;0;0;1;99;0
12891565;501,285;0;0;4;4;0;0;0;99;0
12893065;501,354;0;0;3;3;4;0;0;99;0
12894565;501,425;4;0;2;2;3;0;0;99;0
12896065;501,491;3;0;1;1;2;0;0;99;0
12897565;501,559;2;0;0;0;1;0;0;99;0
12899065;501,627;1;0;6;0;0;0;0;99;0
12900565;501,697;0;0;5;4;0;0;0;99;0
12902088;501,768;0;4;4;3;0;0;0;99;0
12903588;501,837;0;3;3;2;4;0;0;99;0
12905088;501,903;0;2;2;1;3;0;0;99;0
12906588;501,97;0;1;1;0;2;0;0;99;0
12908088;502,036;0;0;0;5;1;0;0;99;0
12909588;502,106;0;0;7;4;0;0;0;99;0
12911088;502,176;0;0;6;3;5;0;0;99;0
12912588;502,246;4;0;5;2;4;0;0;99;0
12914088;502,312;3;0;4;1;3;0;0;99;0
12915588;502,377;2;0;3;0;2;0;0;99;0
12917088;502,445;1;4;2;0;1;0;0;99;0
12918611;502,51;0;3;1;0;0;0;0;99;0
12920111;502,581;0;2;0;4;0;0;0;99;0
12921611;502,65;0;1;8;3;0;0;0;99;0
12923111;502,72;4;0;7;2;0;0;0;99;0
12924611;502,785;3;0;6;1;4;0;0;99;0
12926111;502,851;2;0;5;0;3;0;0;99;0
12927611;502,918;1;0;4;5;2;0;0;99;0
12929111;502,985;0;0;3;4;1;0;0;99;0
12930611;503,053;0;0;2;3;0;4;0;99;0
12932111;503,124;0;0;1;2;5;3;0;99;0
12933611;503,192;0;0;0;1;4;2;0;99;0
12935130;503,261;0;0;8;0;3;1;0;99;0
12936630;503,333;0;0;7;6;2;0;0;99;0
12938130;503,402;0;0;6;5;1;5;0;99;0
12939630;503,472;0;0;5;4;0;4;0;99;0
12941130;503,542;0;0;4;3;6;3;0;99;0
12942630;503,612;0;0;3;2;5;2;0;99;0
12944130;503,68;0;0;2;1;4;1;0;99;0
12945630;503,75;0;0;1;0;3;0;0;99;0
12947130;503,819;0;0;0;7;2;0;0;99;0
12948630;503,889;0;0;8;6;1;0;0;99;0
12950130;503,958;0;0;7;5;0;4;0;99;0
12951649;504,03;0;0;6;4;7;3;0;99;0
12953149;504,099;0;0;5;3;6;2;0;99;0
12954649;504,168;0;0;4;2;5;1;0;99;0
12956149;504,236;0;0;3;1;4;0;0;99;0
12957649;504,306;4;0;2;0;3;0;0;99;0
12959149;504,373;3;0;1;8;2;0;0;99;0
12960649;504,439;2;0;0;7;1;0;0;99;0
12962149;504,507;1;0;8;6;0;0;0;99;0
12963649;504,573;0;0;7;5;8;0;0;99;0
12965149;504,643;0;0;6;4;7;4;0;99;0
12966649;504,71;0;0;5;3;6;3;0;99;0
12968166;504,782;0;0;4;2;5;2;0;99;0
12969666;504,85;0;0;3;1;4;1;0;99;0
12971166;504,92;0;0;2;0;3;0;0;99;0
12972666;504,989;0;0;1;8;2;0;0;99;0
12974166;505,06;4;0;0;7;1;0;0;99;0
12975666;505,125;3;0;8;6;0;0;0;99;0
12977166;505,194;2;0;7;5;0;4;0;99;0
12978666;505,261;1;0;6;4;0;3;0;99;0
12980166;505,329;0;0;5;3;0;2;0;99;0
12981666;505,396;0;0;4;2;4;1;0;99;0
12983166;505,464;0;0;3;1;3;0;0;99;0
12984687;505,534;0;4;2;0;2;0;0;99;0
12986187;505,601;0;3;1;8;1;0;0;99;0
12987687;505,67;0;2;0;7;0;0;0;99;0
12989187;505,739;0;1;8;6;0;0;0;99;0
12990687;505,809;0;0;7;5;0;4;0;99;0
12992187;505,876;0;0;6;4;0;3;0;99;4
12993687;505,943;0;0;5;3;0;2;0;99;3
12995187;506,01;0;0;4;2;0;1;0;99;2
12996687;506,077;0;0;3;1;0;0;0;99;1
12998187;506,145;0;0;2;0;4;0;0;99;0
12999687;506,215;0;0;1;8;3;0;0;99;0
13001207;506,284;0;4;0;7;2;0;0;99;0
13002707;506,35;0;3;8;6;1;0;0;99;0
13004207;506,417;0;2;7;5;0;0;0;99;0
13005707;506,483;0;1;6;4;5;0;0;99;0
13007207;506,551;0;0;5;3;4;0;0;99;0
13008707;506,619;0;0;4;2;3;4;0;99;0
13010207;506,689;0;0;3;1;2;3;0;99;0
13011707;506,756;0;0;2;0;1;2;0;99;0
13013207;506,826;0;4;1;0;0;1;0;99;0
13014707;506,892;0;3;0;4;0;0;0;99;0
13016207;506,962;0;2;8;3;0;0;0;99;0
13017722;507,031;0;1;7;2;4;0;0;99;0
13019222;507,098;0;0;6;1;3;0;0;99;0
13020722;507,166;4;0;5;0;2;0;0;99;0
13022222;507,234;3;0;4;5;1;0;0;99;0
13023722;507,3;2;0;3;4;0;0;0;99;0
13025222;507,366;1;0;2;3;0;0;0;99;4
13026722;507,432;0;0;1;2;0;0;0;99;3
13028222;507,499;0;0;0;1;4;0;0;99;2
13029722;507,567;0;0;8;0;3;0;0;99;1
13031222;507,634;0;0;7;6;2;0;0;99;0
13032722;507,703;0;4;6;5;1;0;0;99;0
13034238;507,771;0;3;5;4;0;0;0;99;0
13035738;507,839;0;2;4;3;5;0;0;99;0
13037238;507,906;0;1;3;2;4;0;0;99;0
13038738;507,976;0;0;2;1;3;0;0;99;0
13040238;508,044;4;0;1;0;2;0;0;99;0
13041738;508,113;3;0;0;0;1;0;0;99;4
13043238;508,179;2;4;0;0;0;0;0;99;3
13044738;508,245;1;3;0;4;0;0;0;99;2
13046238;508,309;0;2;0;3;0;0;0;99;1
13047738;508,375;0;1;4;2;0;0;0;99;0
13049238;508,445;4;0;3;1;0;0;0;99;0
13050762;508,515;3;0;2;0;0;0;4;99;0
13052262;508,584;2;0;1;5;0;0;3;99;0
13053762;508,648;1;0;0;4;0;0;2;99;0
13055262;508,717;0;0;0;3;4;0;1;99;0
13056762;508,783;0;0;4;2;3;0;0;99;0
13058262;508,854;0;0;3;1;2;4;0;99;0
13059762;508,922;0;0;2;0;1;3;0;99;0
13061262;508,991;0;0;1;6;0;2;0;99;0
13062762;509,059;4;0;0;5;0;1;0;99;0
13064262;509,127;3;0;5;4;0;0;0;99;0
13065762;509,195;2;0;4;3;0;5;0;99;0
13067288;509,265;1;0;3;2;0;4;0;99;0
13068788;509,333;0;0;2;1;0;3;0;99;0
13070288;509,4;0;0;1;0;4;2;0;99;0
13071788;509,47;0;0;0;7;3;1;0;99;0
13073288;509,538;0;0;6;6;2;0;0;99;0
13074788;509,607;0;0;5;5;1;6;0;99;0
13076288;509,675;0;0;4;4;0;5;0;99;0
13077788;509,744;0;0;3;3;5;4;0;99;0
13079288;509,811;0;0;2;2;4;3;0;99;0
13080788;509,881;0;0;1;1;3;2;0;99;0
13082288;509,95;0;0;0;0;2;1;0;99;0
13083806;510,021;0;0;0;0;1;0;4;99;0
13085306;510,087;0;0;4;0;0;0;3;99;0
13086806;510,155;0;0;3;4;0;0;2;99;0
13088306;510,223;0;0;2;3;0;4;1;99;0
13089806;510,287;0;0;1;2;0;3;0;99;0
13091306;510,357;0;0;0;1;4;2;0;99;0
13092806;510,424;0;0;5;0;3;1;0;99;0
13094306;510,492;0;0;4;5;2;0;0;99;0
13095806;510,561;0;0;3;4;1;5;0;99;0
13097306;510,629;0;0;2;3;0;4;0;99;0
13098806;510,698;0;0;1;2;5;3;0;99;0
13100328;510,768;0;0;0;1;4;2;0;99;0
13101828;510,836;4;0;0;0;3;1;0;99;0
13103328;510,901;3;0;4;0;2;0;0;99;0
13104828;510,968;2;4;3;0;1;0;0;99;0
13106328;511,031;1;3;2;0;0;0;0;99;0
13107828;511,099;0;2;1;4;0;0;0;99;0
13109328;511,167;0;1;0;3;4;0;0;99;0
13110828;511,235;0;0;5;2;3;0;0;99;0
13112328;511,303;0;0;4;1;2;4;0;99;0
13113828;511,372;0;0;3;0;1;3;0;99;0
13115328;511,439;0;0;2;5;0;2;0;99;0
13116852;511,51;0;0;1;4;0;1;4;99;0
13118352;511,573;0;0;0;3;0;0;3;99;0
13119852;511,642;0;0;6;2;0;0;2;99;0
13121352;511,709;4;0;5;1;0;0;1;99;0
13122852;511,772;3;0;4;0;0;0;0;99;0
13124352;511,842;2;0;3;6;0;0;0;99;0
13125852;511,91;1;0;2;5;0;4;0;99;0
13127352;511,977;0;0;1;4;0;3;0;99;0
13128852;512,045;5;0;0;3;0;2;0;99;0
13130352;512,111;4;0;0;2;4;1;0;99;0
13131852;512,175;3;0;0;1;3;0;0;99;0
13133377;512,245;2;4;0;0;2;0;0;99;0
13134877;512,31;1;3;4;0;1;0;0;99;0
13136377;512,377;0;2;3;0;0;0;0;99;0
13137877;512,446;0;1;2;4;0;0;0;99;0
13139377;512,513;0;0;1;3;4;0;0;99;0
13140877;512,583;4;0;0;2;3;0;0;99;0
13142377;512,652;3;0;5;1;2;0;0;99;0
13143877;512,721;2;0;4;0;1;0;0;99;0
13145377;512,788;1;0;3;5;0;0;0;99;0
13146877;512,859;0;0;2;4;0;4;0;99;0
13148377;512,926;0;0;1;3;4;3;0;99;0
13149895;512,997;0;0;0;2;3;2;0;99;0
13151395;513,063;0;0;6;1;2;1;0;99;0
13152895;513,132;0;0;5;0;1;0;0;99;0
13154395;513,2;0;0;4;6;0;0;0;99;0
13155895;513,272;0;0;3;5;5;0;0;99;0
13157395;513,341;0;0;2;4;4;4;0;99;0
13158895;513,411;0;0;1;3;3;3;0;99;0
13160395;513,478;0;0;0;2;2;2;0;99;0
13161895;513,547;0;0;7;1;1;1;0;99;0
13163395;513,614;0;0;6;0;0;0;0;99;0
13165395;513,712;0;0;5;7;6;0;0;99;0
13166914;513,781;0;0;4;6;5;0;4;99;0
13168414;513,846;0;0;3;5;4;0;3;99;0
13169914;513,909;0;0;2;4;3;0;2;99;0
13171414;513,973;0;0;1;3;2;0;1;99;0
13172914;514,037;0;0;0;2;1;0;0;99;0
13174414;514,107;0;0;8;1;0;0;0;99;0
13175914;514,178;4;0;7;0;0;0;0;99;0
13177414;514,249;3;0;6;8;0;0;0;99;0
13178914;514,319;2;0;5;7;0;4;0;99;0
13180414;514,386;1;0;4;6;0;3;0;99;0
13181914;514,454;0;0;3;5;0;2;0;99;0
13183442;514,524;0;0;2;4;0;1;4;99;0
13184942;514,59;0;0;1;3;0;0;3;99;0
13186442;514,656;0;0;0;2;4;0;2;99;0
13187942;514,724;0;0;0;1;3;4;1;99;0
13189442;514,787;0;0;0;0;2;3;0;99;0
13190942;514,857;0;0;4;0;1;2;0;99;0
13192442;514,927;0;0;3;4;0;1;0;99;0
13193942;514,996;0;0;2;3;5;0;0;99;0
13195442;515,066;0;0;1;2;4;5;0;99;0
13196942;515,135;0;0;0;1;3;4;0;99;0
13198442;515,204;0;0;5;0;2;3;0;99;0
13199966;515,273;0;0;4;0;1;2;4;99;0
13201466;515,339;0;0;3;0;0;1;3;99;0
13202966;515,405;0;0;2;4;0;0;2;99;0
13204466;515,473;0;0;1;3;4;0;1;99;0
13205966;515,537;0;0;0;2;3;0;0;99;0
13207466;515,607;0;0;6;1;2;0;0;99;0
13208966;515,674;0;0;5;0;1;4;0;99;0
13210466;515,742;0;0;4;5;0;3;0;99;0
13211966;515,812;4;0;3;4;0;2;0;99;0
13213466;515,878;3;0;2;3;0;1;0;99;0
13214966;515,945;2;0;1;2;0;0;0;99;0
13216483;516,012;1;0;0;1;0;0;4;99;0
13217983;516,077;0;0;0;0;4;0;3;99;0
13219483;516,145;0;0;4;0;3;0;2;99;0
13220983;516,213;0;0;3;4;2;0;1;99;0
13222483;516,277;0;0;2;3;1;0;0;99;0
13223983;516,345;0;0;1;2;0;4;0;99;0
13225483;516,414;0;0;0;1;0;3;0;99;4
13226983;516,481;0;0;5;0;0;2;0;99;3
13228483;516,55;0;0;4;0;4;1;0;99;2
13229983;516,617;0;0;3;0;3;0;0;99;1
13231483;516,685;0;0;2;4;2;0;0;99;0
13233007;516,755;0;4;1;3;1;0;0;99;0
13234507;516,823;0;3;0;2;0;0;0;99;0
13236007;516,892;0;2;6;1;0;0;0;99;0
13237507;516,961;0;1;5;0;4;0;0;99;0
13239007;517,028;0;0;4;5;3;0;0;99;0
13240507;517,098;0;0;3;4;2;4;0;99;0
13242007;517,165;0;0;2;3;1;3;0;99;0
13243507;517,235;0;0;1;2;0;2;0;99;0
13245007;517,304;0;0;0;1;5;1;0;99;0
13246507;517,374;0;0;7;0;4;0;0;99;0
13248007;517,443;0;0;6;6;3;0;0;99;0
13249529;517,514;0;0;5;5;2;0;4;99;0
13251029;517,577;0;0;4;4;1;0;3;99;0
13252529;517,641;0;0;3;3;0;0;2;99;0
13254029;517,709;0;0;2;2;6;0;1;99;0
13255529;517,773;0;0;1;1;5;0;0;99;0
13257029;517,842;4;0;0;0;4;0;0;99;0
13258529;517,91;3;0;8;0;3;0;0;99;0
13260029;517,978;2;0;7;4;2;0;0;99;0
13261529;518,042;1;0;6;3;1;0;0;99;0
13263029;518,109;0;0;5;2;0;0;0;99;0
13264529;518,179;0;0;4;1;7;0;0;99;0
13266051;518,247;0;0;3;0;6;0;4;99;0
13267551;518,314;0;0;2;5;5;0;3;99;0
13269051;518,377;0;0;1;4;4;0;2;99;0
13270551;518,443;0;0;0;3;3;0;1;99;0
13272051;518,508;0;0;8;2;2;0;0;99;0
13273551;518,578;0;0;7;1;1;4;0;99;0
13275051;518,645;0;0;6;0;0;3;0;99;0
13276551;518,717;4;0;5;0;0;2;0;99;0
13278051;518,783;3;4;4;0;0;1;0;99;0
13279551;518,85;2;3;3;0;0;0;0;99;0
13281051;518,916;1;2;2;0;0;0;0;99;4
13282570;518,983;0;1;1;0;0;0;0;99;3
13284070;519,048;0;0;0;4;0;0;0;99;2
13285570;519,116;0;0;8;3;0;0;0;99;1
13287070;519,184;0;0;7;2;4;0;0;99;0
13288570;519,251;0;0;6;1;3;4;0;99;0
13290070;519,319;0;0;5;0;2;3;0;99;0
13291570;519,387;0;0;4;5;1;2;0;99;0
13293070;519,457;0;0;3;4;0;1;0;99;0
13294570;519,525;0;0;2;3;5;0;0;99;0
13296070;519,595;0;0;1;2;4;5;0;99;0
13297570;519,663;0;0;0;1;3;4;0;99;0
13299099;519,734;0;0;8;0;2;3;0;99;0
13300599;519,802;0;0;7;6;1;2;0;99;0
13302099;519,872;0;0;6;5;0;1;0;99;0
13303599;519,941;0;0;5;4;6;0;0;99;0
13305099;520,009;4;0;4;3;5;0;0;99;0
13306599;520,076;3;0;3;2;4;0;0;99;0
13308099;520,143;2;0;2;1;3;0;0;99;0
13309599;520,21;1;0;1;0;2;0;0;99;0
13311099;520,278;0;0;0;0;1;4;0;99;0
13312599;520,349;0;0;8;0;0;3;0;99;0
13314099;520,418;0;0;7;4;0;2;0;99;0
13315620;520,49;0;0;6;3;0;1;4;99;0
13317120;520,553;0;0;5;2;0;0;3;99;0
13318620;520,622;0;0;4;1;0;5;2;99;0
13320120;520,685;0;0;3;0;0;4;1;99;0
13321620;520,752;0;0;2;5;0;3;0;99;0
13323120;520,819;4;0;1;4;0;2;0;99;0
13324620;520,886;3;0;0;3;0;1;0;99;0
13326120;520,951;2;0;8;2;0;0;0;99;0
13327620;521,018;1;0;7;1;4;0;0;99;0
13329120;521,085;0;0;6;0;3;0;0;99;0
13330620;521,154;0;0;5;6;2;0;0;99;0
13332146;521,224;0;0;4;5;1;0;0;99;4
13333646;521,289;0;0;3;4;0;0;0;99;3
13335146;521,358;0;0;2;3;5;0;0;99;2
13336646;521,423;0;0;1;2;4;0;0;99;1
13338146;521,491;0;0;0;1;3;0;0;99;0
13339646;521,56;0;0;8;0;2;0;0;99;0
13341146;521,633;0;0;7;7;1;0;0;99;0
13342646;521,701;0;0;6;6;0;4;0;99;0
13344146;521,769;0;0;5;5;6;3;0;99;0
13345646;521,838;0;0;4;4;5;2;0;99;0
13347146;521,905;0;0;3;3;4;1;0;99;0
13348669;521,977;0;0;2;2;3;0;0;99;0
13350169;522,044;0;0;1;1;2;5;0;99;0
13351669;522,114;0;0;0;0;1;4;0;99;0
13353169;522,183;0;0;8;0;0;3;0;99;0
13354669;522,255;0;0;7;4;0;2;0;99;0
13356169;522,322;0;0;6;3;4;1;0;99;0
13357669;522,392;0;0;5;2;3;0;0;99;0
13359169;522,46;0;0;4;1;2;6;0;99;0
13360669;522,531;0;0;3;0;1;5;0;99;0
13362169;522,599;0;0;2;5;0;4;0;99;0
13363669;522,67;4;0;1;4;0;3;0;99;0
13365190;522,737;3;0;0;3;0;2;0;99;0
13366690;522,804;2;0;8;2;0;1;0;99;0
13368190;522,869;1;0;7;1;0;0;0;99;0
13369690;522,935;0;0;6;0;4;0;0;99;0
13371190;523,007;0;0;5;0;3;4;0;99;0
13372690;523,074;0;0;4;4;2;3;0;99;0
13374190;523,145;0;0;3;3;1;2;0;99;0
13375690;523,212;0;0;2;2;0;1;0;99;0
13377190;523,283;0;0;1;1;5;0;0;99;0
13378690;523,351;0;0;0;0;4;5;0;99;0
13380190;523,422;0;0;0;5;3;4;0;99;0
13381711;523,49;0;0;4;4;2;3;0;99;0
13383211;523,561;0;0;3;3;1;2;0;99;0
13384711;523,629;0;0;2;2;0;1;0;99;0
13386211;523,699;0;0;1;1;6;0;0;99;0
13387711;523,768;0;0;0;0;5;6;0;99;0
13389211;523,836;0;0;5;0;4;5;0;99;0
13390711;523,906;0;0;4;4;3;4;0;99;0
13392211;523,975;0;0;3;3;2;3;0;99;0
13393711;524,044;0;0;2;2;1;2;0;99;0
13395211;524,111;0;0;1;1;0;1;0;99;0
13396711;524,182;4;0;0;0;0;0;0;99;0
13398736;524,277;3;0;6;5;0;0;0;99;0
13400236;524,345;2;0;5;4;0;4;0;99;0
13401736;524,412;1;0;4;3;0;3;0;99;0
13403236;524,479;0;0;3;2;0;2;0;99;0
13404736;524,547;0;0;2;1;4;1;0;99;0
13406236;524,617;0;0;1;0;3;0;0;99;0
13407736;524,687;0;0;0;6;2;0;0;99;0
13409236;524,758;0;0;7;5;1;0;0;99;0
13410736;524,827;0;0;6;4;0;0;0;99;4
13412236;524,898;0;0;5;3;5;0;0;99;3
13413736;524,963;0;0;4;2;4;0;0;99;2
13415262;525,032;0;0;3;1;3;0;0;99;1
13416762;525,096;0;0;2;0;2;0;0;99;0
13418262;525,168;0;0;1;7;1;0;0;99;0
13419762;525,235;4;0;0;6;0;0;0;99;0
13421262;525,303;3;0;8;5;0;0;0;99;0
13422762;525,371;2;0;7;4;0;4;0;99;0
13424262;525,438;1;0;6;3;0;3;0;99;0
13425762;525,506;0;0;5;2;0;2;0;99;0
13427262;525,574;0;0;4;1;4;1;0;99;0
13428762;525,644;0;0;3;0;3;0;0;99;0
13430262;525,714;0;0;2;8;2;0;0;99;0
13431781;525,785;4;0;1;7;1;0;0;99;0
13433281;525,85;3;0;0;6;0;0;0;99;0
13434781;525,921;2;0;0;5;0;0;0;99;4
13436281;525,988;1;0;4;4;0;0;0;99;3
13437781;526,053;0;0;3;3;0;0;0;99;2
13439281;526,122;0;0;2;2;4;0;0;99;1
13440781;526,188;0;0;1;1;3;0;0;99;0
13442281;526,258;4;0;0;0;2;0;0;99;0
13443781;526,327;3;0;0;8;1;0;0;99;0
13445281;526,395;2;0;4;7;0;0;0;99;0
13446781;526,463;1;0;3;6;0;4;0;99;0
13448302;526,532;0;0;2;5;0;3;0;99;0
13449802;526,6;0;0;1;4;4;2;0;99;0
13451302;526,67;0;0;0;3;3;1;0;99;0
13452802;526,738;0;0;5;2;2;0;0;99;0
13454302;526,808;0;4;4;1;1;0;0;99;0
13455802;526,873;0;3;3;0;0;0;0;99;0
13457302;526,942;0;2;2;8;0;0;0;99;0
13458802;527,01;0;1;1;7;4;0;0;99;0
13460302;527,075;0;0;0;6;3;0;0;99;0
13461802;527,146;0;0;6;5;2;0;0;99;0
13463302;527,213;0;0;5;4;1;4;0;99;0
13464825;527,284;0;0;4;3;0;3;0;99;0
13466325;527,353;4;0;3;2;0;2;0;99;0
13467825;527,42;3;0;2;1;0;1;0;99;0
13469325;527,484;2;0;1;0;0;0;0;99;0
13470825;527,551;1;0;0;8;0;0;0;99;0
13472325;527,617;0;0;7;7;0;0;0;99;0
13473825;527,688;5;0;6;6;0;0;0;99;0
13475325;527,755;4;4;5;5;0;0;0;99;0
13476825;527,822;3;3;4;4;0;0;0;99;0
13478325;527,89;2;2;3;3;0;0;0;99;0
13479825;527,956;1;1;2;2;0;0;0;99;0
13481344;528,024;0;0;1;1;0;0;0;99;0
13482844;528,094;0;0;0;0;4;0;0;99;0
13484844;528,19;0;0;8;8;3;0;0;99;0
13486344;528,258;0;0;7;7;2;4;0;99;0
13487844;528,328;0;0;6;6;1;3;0;99;0
13489344;528,395;0;0;5;5;0;2;0;99;0
13490844;528,466;4;0;4;4;0;1;0;99;0
13492344;528,533;3;0;3;3;0;0;0;99;0
13493844;528,604;2;0;2;2;4;0;0;99;0
13495344;528,67;1;0;1;1;3;0;0;99;0
13496844;528,738;0;0;0;0;2;0;0;99;0
13498883;528,834;0;0;8;8;1;0;0;99;0
13500383;528,904;0;4;7;7;0;0;0;99;0
13501883;528,971;0;3;6;6;5;0;0;99;0
13503383;529,039;0;2;5;5;4;0;0;99;0
13504883;529,107;0;1;4;4;3;0;0;99;0
13506383;529,173;0;0;3;3;2;0;0;99;0
13507883;529,242;4;0;2;2;1;0;0;99;0
13509383;529,309;3;0;1;1;0;0;0;99;0
13510883;529,38;2;4;0;0;0;0;0;99;0
13512383;529,449;1;3;8;0;0;0;0;99;0
13513883;529,52;0;2;7;4;0;0;0;99;0
13515408;529,587;0;1;6;3;0;0;4;99;0
13516908;529,652;0;0;5;2;0;0;3;99;0
13518408;529,718;0;0;4;1;0;4;2;99;0
13519908;529,782;0;0;3;0;0;3;1;99;0
13521408;529,85;0;0;2;5;0;2;0;99;0
13522908;529,92;0;0;1;4;4;1;0;99;0
13524408;529,99;0;0;0;3;3;0;0;99;0
13525908;530,058;0;0;8;2;2;0;0;99;0
13527408;530,129;4;0;7;1;1;0;0;99;0
13528908;530,195;3;0;6;0;0;0;0;99;0
13530408;530,266;2;0;5;6;0;0;0;99;0
13531931;530,335;1;4;4;5;0;0;0;99;0
13533431;530,401;0;3;3;4;0;0;0;99;0
13534931;530,467;0;2;2;3;0;4;0;99;0
13536431;530,535;0;1;1;2;0;3;0;99;0
13537931;530,601;0;0;0;1;0;2;0;99;0
13539431;530,674;0;0;8;0;0;1;0;99;0
13540931;530,743;0;0;7;7;0;0;0;99;0
13542431;530,812;0;0;6;6;4;0;0;99;0
13543931;530,882;0;0;5;5;3;4;0;99;0
13545431;530,952;0;0;4;4;2;3;0;99;0
13546931;531,019;0;0;3;3;1;2;0;99;0
13548456;531,089;0;0;2;2;0;1;0;99;0
13549956;531,159;0;0;1;1;5;0;0;99;0
13551456;531,227;0;0;0;0;4;5;0;99;0
13552956;531,298;0;0;0;8;3;4;0;99;0
13554456;531,365;0;0;4;7;2;3;0;99;0
13555956;531,435;0;0;3;6;1;2;0;99;0
13557456;531,503;0;0;2;5;0;1;0;99;0
13558956;531,574;4;0;1;4;0;0;0;99;0
13560456;531,643;3;0;0;3;4;0;0;99;0
13561956;531,712;2;0;0;2;3;4;0;99;0
13563456;531,778;1;0;0;1;2;3;0;99;0
13564977;531,846;0;0;0;0;1;2;0;99;0
13566477;531,915;0;0;4;0;0;1;0;99;0
13567977;531,984;0;0;3;4;0;0;0;99;0
13569477;532,056;0;0;2;3;0;5;0;99;0
13570977;532,124;0;0;1;2;4;4;0;99;0
13572477;532,194;0;0;0;1;3;3;0;99;0
13573977;532,261;0;0;5;0;2;2;0;99;0
13575477;532,332;0;0;4;5;1;1;0;99;0
13576977;532,399;0;0;3;4;0;0;0;99;0
13578477;532,469;0;0;2;3;0;6;0;99;0
13579977;532,538;4;0;1;2;0;5;0;99;0
13581501;532,607;3;0;0;1;0;4;0;99;0
13583001;532,673;2;0;6;0;0;3;0;99;0
13584501;532,742;1;0;5;6;0;2;0;99;0
13586001;532,808;0;0;4;5;0;1;0;99;0
13587501;532,877;0;0;3;4;4;0;0;99;0
13589001;532,946;0;0;2;3;3;7;0;99;0
13590501;533,015;0;0;1;2;2;6;0;99;0
13592001;533,085;0;0;0;1;1;5;0;99;0
13593501;533,153;0;0;7;0;0;4;0;99;0
13595001;533,224;0;0;6;0;5;3;0;99;0
13596501;533,292;0;0;5;4;4;2;0;99;0
13598019;533,363;0;0;4;3;3;1;0;99;0
13599519;533,43;0;0;3;2;2;0;0;99;0
13601019;533,499;0;0;2;1;1;8;0;99;0
13602519;533,568;0;0;1;0;0;7;0;99;0
13604019;533,637;0;0;0;5;0;6;0;99;0
13605519;533,708;0;0;8;4;0;5;0;99;0
13607019;533,776;4;0;7;3;0;4;0;99;0
13608519;533,844;3;0;6;2;0;3;0;99;0
13610019;533,909;2;0;5;1;0;2;0;99;0
13611519;533,976;1;0;4;0;0;1;0;99;0
13613019;534,042;0;0;3;6;0;0;0;99;0
13614538;534,114;0;0;2;5;0;0;4;99;0
13616038;534,18;0;0;1;4;0;4;3;99;0
13617538;534,246;0;0;0;3;0;3;2;99;0
13619038;534,311;0;0;8;2;0;2;1;99;0
13620538;534,376;0;0;7;1;0;1;0;99;0
13622038;534,446;0;0;6;0;4;0;0;99;0
13623538;534,515;0;0;5;7;3;0;0;99;0
13625038;534,583;0;0;4;6;2;4;0;99;0
13626538;534,651;0;0;3;5;1;3;0;99;0
13628038;534,721;0;0;2;4;0;2;0;99;0
13629538;534,788;4;0;1;3;0;1;0;99;0
13631062;534,86;3;0;0;2;0;0;0;99;0
13632562;534,93;2;0;8;1;0;0;0;99;0
13634062;534,999;1;0;7;0;0;4;0;99;0
13635562;535,066;0;0;6;8;0;3;0;99;0
13637062;535,137;0;0;5;7;4;2;0;99;0
13638562;535,205;0;0;4;6;3;1;0;99;0
13640062;535,275;0;0;3;5;2;0;0;99;0
13641562;535,344;4;0;2;4;1;0;0;99;0
13643062;535,412;3;0;1;3;0;0;0;99;0
13644562;535,479;2;0;0;2;5;0;0;99;0
13646062;535,545;1;0;8;1;4;0;0;99;0
13647583;535,616;0;0;7;0;3;0;0;99;0
13649083;535,685;0;0;6;8;2;0;0;99;0
13650583;535,753;0;4;5;7;1;0;0;99;0
13652083;535,819;0;3;4;6;0;0;0;99;0
13653583;535,886;0;2;3;5;6;0;0;99;0
13655083;535,95;0;1;2;4;5;0;0;99;0
13656583;536,017;0;0;1;3;4;0;0;99;0
13658083;536,084;0;0;0;2;3;4;0;99;0
13659583;536,153;0;0;8;1;2;3;0;99;0
13661083;536,222;0;0;7;0;1;2;0;99;0
13662583;536,29;0;0;6;8;0;1;0;99;0
13664104;536,363;0;4;5;7;0;0;0;99;0
13665604;536,43;0;3;4;6;4;0;0;99;0
13667104;536,497;0;2;3;5;3;0;0;99;0
13668604;536,564;0;1;2;4;2;0;0;99;0
13670104;536,632;0;0;1;3;1;0;0;99;0
13671604;536,701;4;0;0;2;0;0;0;99;0
13673104;536,772;3;0;8;1;0;0;0;99;0
13674604;536,838;2;0;7;0;4;0;0;99;0
13676104;536,907;1;0;6;8;3;0;0;99;0
13677604;536,973;0;0;5;7;2;0;0;99;0
13679104;537,042;5;0;4;6;1;0;0;99;0
13680625;537,111;4;0;3;5;0;0;0;99;0
13682125;537,181;3;0;2;4;5;0;0;99;0
13683625;537,248;2;0;1;3;4;0;0;99;0
13685125;537,315;1;0;0;2;3;0;0;99;0
13686625;537,384;0;0;8;1;2;0;0;99;0
13688125;537,452;6;0;7;0;1;0;0;99;0
13689625;537,52;5;4;6;0;0;0;0;99;0
13691125;537,587;4;3;5;4;0;0;0;99;0
13692625;537,652;3;2;4;3;0;0;0;99;0
13694125;537,716;2;1;3;2;0;0;0;99;0
13695625;537,782;1;0;2;1;0;0;0;99;0
13697146;537,85;0;0;1;0;0;0;0;99;4
13698646;537,92;0;0;0;5;0;0;0;99;3
13700146;537,989;0;0;8;4;0;0;0;99;2
13701646;538,06;0;0;7;3;0;4;0;99;1
13703146;538,126;0;0;6;2;0;3;0;99;0
13704646;538,195;0;0;5;1;4;2;0;99;0
13706146;538,265;0;0;4;0;3;1;0;99;0
13707646;538,333;0;0;3;6;2;0;0;99;0
13709146;538,402;0;0;2;5;1;5;0;99;0
13710646;538,47;0;0;1;4;0;4;0;99;0
13712146;538,541;0;0;0;3;5;3;0;99;0
13713662;538,61;0;0;8;2;4;2;0;99;0
13715162;538,679;0;0;7;1;3;1;0;99;0
13716662;538,746;0;0;6;0;2;0;0;99;0
13718162;538,817;0;0;5;7;1;0;0;99;0
13719662;538,884;0;0;4;6;0;4;0;99;0
13721162;538,954;4;0;3;5;0;3;0;99;0
13722662;539,021;3;0;2;4;0;2;0;99;0
13724162;539,09;2;0;1;3;0;1;0;99;0
13725662;539,157;1;0;0;2;0;0;0;99;0
13727162;539,227;0;0;8;1;0;0;0;99;0
13728662;539,298;0;0;7;0;4;0;0;99;0
13730188;539,368;0;0;6;8;3;0;0;99;0
13731688;539,438;0;0;5;7;2;4;0;99;0
13733188;539,505;0;0;4;6;1;3;0;99;0
13734688;539,574;0;0;3;5;0;2;0;99;0
13736188;539,642;0;0;2;4;5;1;0;99;0
13737688;539,71;0;0;1;3;4;0;0;99;0
13739188;539,778;0;0;0;2;3;5;0;99;0
13740688;539,847;0;0;8;1;2;4;0;99;0
13742188;539,913;0;0;7;0;1;3;0;99;0
13743688;539,982;0;0;6;8;0;2;0;99;0
13745188;540,05;0;0;5;7;6;1;0;99;0
13746713;540,121;0;0;4;6;5;0;0;99;0
13748213;540,187;0;0;3;5;4;6;0;99;0
13749713;540,255;0;0;2;4;3;5;0;99;0
13751213;540,325;0;0;1;3;2;4;0;99;0
13752713;540,393;0;0;0;2;1;3;0;99;0
13754213;540,461;4;0;0;1;0;2;0;99;0
13755713;540,527;3;0;4;0;0;1;0;99;0
13757213;540,594;2;0;3;0;4;0;0;99;0
13758713;540,66;1;0;2;4;3;0;0;99;0
13760213;540,727;0;0;1;3;2;0;0;99;0
13761713;540,795;0;0;0;2;1;4;0;99;0
13763235;540,867;0;0;5;1;0;3;0;99;0
13764735;540,934;0;0;4;0;5;2;0;99;0
13766235;541,004;4;0;3;0;4;1;0;99;0
13767735;541,07;3;0;2;0;3;0;0;99;0
13769235;541,138;2;0;1;4;2;0;0;99;0
13770735;541,204;1;0;0;3;1;0;0;99;0
13772235;541,272;0;0;6;2;0;0;0;99;0
13773735;541,343;0;0;5;1;0;4;0;99;0
13775235;541,412;4;0;4;0;0;3;0;99;0
13776735;541,48;3;0;3;5;0;2;0;99;0
13778235;541,545;2;0;2;4;0;1;0;99;0
13779757;541,614;1;0;1;3;0;0;0;99;0
13781257;541,68;0;0;0;2;0;5;0;99;0
13782757;541,751;0;0;7;1;0;4;0;99;0
13784257;541,821;0;0;6;0;4;3;0;99;0
13785757;541,889;0;0;5;6;3;2;0;99;0
13787257;541,957;0;0;4;5;2;1;0;99;0
13788757;542,024;0;0;3;4;1;0;0;99;0
13790257;542,093;4;0;2;3;0;0;0;99;0
13791757;542,162;3;0;1;2;0;4;0;99;0
13793257;542,232;2;0;0;1;0;3;0;99;0
13794757;542,3;1;0;8;0;0;2;0;99;0
13796275;542,37;0;0;7;7;0;1;0;99;0
13797775;542,437;0;0;6;6;4;0;0;99;0
13799275;542,506;0;0;5;5;3;5;0;99;0
13800775;542,573;0;0;4;4;2;4;0;99;0
13802275;542,642;0;0;3;3;1;3;0;99;0
13803775;542,708;0;0;2;2;0;2;0;99;0
13805275;542,778;4;0;1;1;0;1;0;99;0
13806775;542,842;3;0;0;0;0;0;0;99;0
13808775;542,937;2;0;8;8;0;0;0;99;0
13810275;543,003;1;0;7;7;0;4;0;99;0
13811775;543,071;0;0;6;6;0;3;0;99;0
13813298;543,141;5;0;5;5;0;2;0;99;0
13814798;543,208;4;0;4;4;0;1;0;99;0
13816298;543,278;3;0;3;3;0;0;0;99;0
13817798;543,346;2;0;2;2;4;0;0;99;0
13819298;543,416;1;0;1;1;3;0;0;99;0
13820798;543,483;0;0;0;0;2;0;0;99;0
13822798;543,581;0;0;8;8;1;0;0;99;0
13824298;543,648;0;0;7;7;0;4;0;99;0
13825798;543,718;4;0;6;6;0;3;0;99;0
13827298;543,786;3;0;5;5;0;2;0;99;0
13828798;543,854;2;0;4;4;0;1;0;99;0
13830323;543,923;1;0;3;3;0;0;0;99;0
13831823;543,995;0;0;2;2;0;5;0;99;0
13833323;544,063;0;0;1;1;4;4;0;99;0
13834823;544,132;0;0;0;0;3;3;0;99;0
13836323;544,2;0;0;0;8;2;2;0;99;0
13837823;544,268;0;0;4;7;1;1;0;99;0
13839323;544,336;0;0;3;6;0;0;0;99;0
13840823;544,407;0;0;2;5;5;0;0;99;0
13842323;544,478;4;0;1;4;4;0;0;99;0
13843823;544,543;3;0;0;3;3;0;0;99;0
13845323;544,61;2;4;0;2;2;0;0;99;0
13846839;544,675;1;3;0;1;1;0;0;99;0
13848339;544,74;0;2;0;0;0;0;0;99;0
13850339;544,834;0;1;4;8;0;0;0;99;0
13851839;544,903;0;0;3;7;4;0;0;99;0
13853339;544,972;4;0;2;6;3;0;0;99;0
13854839;545,039;3;0;1;5;2;0;0;99;0
13856339;545,103;2;0;0;4;1;0;0;99;0
13857839;545,171;1;0;5;3;0;0;0;99;0
13859339;545,238;0;0;4;2;0;4;0;99;0
13860839;545,309;5;0;3;1;0;3;0;99;0
13862339;545,374;4;0;2;0;0;2;0;99;0
13863863;545,443;3;0;1;8;0;1;0;99;0
13865363;545,511;2;0;0;7;0;0;0;99;0
13866863;545,579;1;0;6;6;0;0;0;99;0
13868363;545,648;0;0;5;5;0;4;0;99;0
13869863;545,716;0;0;4;4;4;3;0;99;0
13871363;545,785;0;0;3;3;3;2;0;99;0
13872863;545,853;0;0;2;2;2;1;0;99;0
13874363;545,923;0;0;1;1;1;0;0;99;0
13875863;545,991;0;0;0;0;0;5;0;99;0
13877863;546,085;0;0;7;8;0;4;0;99;0
13879363;546,151;0;0;6;7;4;3;0;99;0
13880885;546,221;0;0;5;6;3;2;0;99;0
13882385;546,29;0;0;4;5;2;1;0;99;0
13883885;546,359;0;0;3;4;1;0;0;99;0
13885385;546,426;0;0;2;3;0;6;0;99;0
13886885;546,495;0;0;1;2;5;5;0;99;0
13888385;546,563;0;0;0;1;4;4;0;99;0
13889885;546,632;0;0;8;0;3;3;0;99;0
13891385;546,702;0;0;7;8;2;2;0;99;0
13892885;546,771;0;0;6;7;1;1;0;99;0
13894385;546,842;0;0;5;6;0;0;0;99;0
13895885;546,912;4;0;4;5;0;0;0;99;0
13897408;546,982;3;4;3;4;0;0;0;99;0
13898908;547,046;2;3;2;3;0;0;0;99;0
13900408;547,112;1;2;1;2;0;0;0;99;0
13901908;547,177;0;1;0;1;0;0;0;99;0
13903408;547,248;5;0;0;0;0;0;0;99;0
13905408;547,343;4;0;4;8;0;0;0;99;0
13906908;547,411;3;4;3;7;0;0;0;99;0
13908408;547,475;2;3;2;6;0;0;0;99;0
13909908;547,542;1;2;1;5;0;0;0;99;0
13911408;547,607;0;1;0;4;0;0;0;99;0
13912908;547,676;0;0;5;3;0;0;0;99;0
13914429;547,746;0;0;4;2;0;0;0;99;4
13915929;547,813;0;0;3;1;0;4;0;99;3
13917429;547,881;0;0;2;0;0;3;0;99;2
13918929;547,948;0;0;1;8;0;2;0;99;1
13920429;548,015;0;0;0;7;0;1;0;99;0
13921929;548,084;0;0;6;6;0;0;0;99;0
13923429;548,155;0;0;5;5;0;5;0;99;0
13924929;548,224;0;0;4;4;0;4;0;99;4
13926429;548,289;0;0;3;3;0;3;0;99;3
13927929;548,356;0;0;2;2;0;2;0;99;2
13929429;548,421;0;0;1;1;0;1;0;99;1
13930954;548,489;0;0;0;0;0;0;0;99;0
13932954;548,586;0;0;7;8;0;6;0;99;0
13934454;548,655;4;0;6;7;0;5;0;99;0
13935954;548,721;3;0;5;6;0;4;0;99;0
13937454;548,787;2;0;4;5;0;3;0;99;0
13938954;548,854;1;0;3;4;0;2;0;99;0
13940454;548,92;0;0;2;3;0;1;0;99;0
13941954;548,99;5;0;1;2;0;0;0;99;0
13943454;549,057;4;0;0;1;4;0;0;99;0
13944954;549,125;3;0;8;0;3;0;0;99;0
13946454;549,191;2;0;7;0;2;4;0;99;0
13947978;549,26;1;0;6;0;1;3;0;99;0
13949478;549,326;0;0;5;0;0;2;0;99;0
13950978;549,396;0;0;4;4;0;1;0;99;0
13952478;549,465;4;0;3;3;0;0;0;99;0
13953978;549,532;3;0;2;2;0;5;0;99;0
13955478;549,597;2;0;1;1;0;4;0;99;0
13956978;549,664;1;0;0;0;0;3;0;99;0
13958478;549,731;0;0;8;0;0;2;0;99;0
13959978;549,801;0;0;7;4;0;1;0;99;0
13961478;549,871;0;0;6;3;4;0;0;99;0
13962978;549,939;4;0;5;2;3;0;0;99;0
13964506;550,008;3;0;4;1;2;0;0;99;0
13966006;550,074;2;0;3;0;1;0;0;99;0
13967506;550,144;1;0;2;5;0;0;0;99;0
13969006;550,21;0;0;1;4;5;0;0;99;0
13970506;550,28;5;0;0;3;4;0;0;99;0
13972006;550,346;4;0;8;2;3;0;0;99;0
13973506;550,412;3;0;7;1;2;0;0;99;0
13975006;550,477;2;0;6;0;1;0;0;99;0
13976506;550,543;1;0;5;6;0;0;0;99;0
13978006;550,61;0;0;4;5;0;4;0;99;0
13979506;550,678;6;0;3;4;0;3;0;99;0
13981031;550,746;5;0;2;3;0;2;0;99;0
13982531;550,811;4;0;1;2;0;1;0;99;0
13984031;550,878;3;0;0;1;0;0;0;99;0
13985531;550,945;2;0;8;0;0;0;0;99;0
13987031;551,011;1;0;7;7;0;0;0;99;0
13988531;551,078;0;0;6;6;4;0;0;99;0
13990031;551,146;0;0;5;5;3;4;0;99;0
13991531;551,216;0;0;4;4;2;3;0;99;0
13993031;551,283;0;0;3;3;1;2;0;99;0
13994531;551,352;0;0;2;2;0;1;0;99;0
13996031;551,419;4;0;1;1;0;0;0;99;0
13997556;551,489;3;4;0;0;0;0;0;99;0
13999056;551,556;2;3;8;0;0;0;0;99;0
14000556;551,623;1;2;7;4;0;0;0;99;0
14002056;551,687;0;1;6;3;0;0;0;99;0
14003556;551,755;5;0;5;2;0;0;0;99;0
14005056;551,82;4;0;4;1;4;0;0;99;0
14006556;551,886;3;0;3;0;3;0;0;99;0
14008056;551,952;2;0;2;5;2;0;0;99;0
14009556;552,016;1;0;1;4;1;0;0;99;0
14011056;552,082;0;0;0;3;0;0;0;99;0
14013056;552,174;6;0;8;2;0;0;0;99;0
14014574;552,244;5;4;7;1;0;0;0;99;0
14016074;552,308;4;3;6;0;0;0;0;99;0
14017574;552,376;3;2;5;6;0;0;0;99;0
14019074;552,441;2;1;4;5;0;0;0;99;0
14020574;552,506;1;0;3;4;0;0;0;99;0
14022074;552,572;0;0;2;3;4;0;0;99;0
14023574;552,64;7;0;1;2;3;0;0;99;0
14025074;552,704;6;0;0;1;2;0;0;99;0
14026574;552,771;5;0;8;0;1;0;0;99;0
14028074;552,838;4;0;7;7;0;0;0;99;0
14029574;552,903;3;4;6;6;0;0;0;99;0
14031091;552,97;2;3;5;5;0;0;0;99;0
14032591;553,034;1;2;4;4;0;0;0;99;0
14034091;553,098;0;1;3;3;0;0;0;99;0
14035591;553,166;0;0;2;2;0;4;0;99;0
14037091;553,233;4;0;1;1;0;3;0;99;0
14038591;553,302;3;0;0;0;0;2;0;99;0
14040091;553,371;2;0;8;0;0;1;0;99;0
14041591;553,438;1;0;7;4;0;0;0;99;0
14043091;553,507;0;4;6;3;0;0;0;99;0
14044591;553,574;5;3;5;2;0;0;0;99;0
14046091;553,64;4;2;4;1;0;0;0;99;0
14047609;553,709;3;1;3;0;0;0;0;99;0
14049109;553,776;2;0;2;5;0;0;0;99;0
14050609;553,846;1;0;1;4;4;0;0;99;0
14052109;553,911;0;0;0;3;3;0;0;99;0
14053609;553,982;0;0;8;2;2;0;0;99;0
14055109;554,049;0;0;7;1;1;4;0;99;0
14056609;554,117;0;0;6;0;0;3;0;99;0
14058109;554,188;0;0;5;6;0;2;0;99;0
14059609;554,256;0;0;4;5;4;1;0;99;0
14061109;554,324;0;0;3;4;3;0;0;99;0
14062609;554,394;4;0;2;3;2;0;0;99;0
14064135;554,464;3;0;1;2;1;0;0;99;0
14065635;554,53;2;0;0;1;0;0;0;99;0
14067135;554,601;1;0;0;0;0;4;0;99;0
14068635;554,67;0;0;4;0;0;3;0;99;0
14070135;554,741;0;0;3;4;0;2;0;99;0
14071635;554,81;4;0;2;3;0;1;0;99;0
14073135;554,877;3;0;1;2;0;0;0;99;0
14074635;554,944;2;0;0;1;4;0;0;99;0
14076135;555,011;1;0;5;0;3;0;0;99;0
14077635;555,077;0;0;4;5;2;0;0;99;0
14079135;555,147;5;0;3;4;1;0;0;99;0
14080653;555,215;4;0;2;3;0;0;0;99;0
14082153;555,282;3;0;1;2;0;4;0;99;0
14083653;555,351;2;0;0;1;0;3;0;99;0
14085153;555,418;1;0;6;0;0;2;0;99;0
14086653;555,486;0;0;5;0;4;1;0;99;0
14088153;555,553;0;0;4;4;3;0;0;99;0
14089653;555,624;0;0;3;3;2;5;0;99;0
14091153;555,694;0;0;2;2;1;4;0;99;0
14092653;555,764;0;0;1;1;0;3;0;99;0
14094153;555,832;0;0;0;0;5;2;0;99;0
14095653;555,904;0;0;0;5;4;1;0;99;0
14097177;555,973;0;0;0;4;3;0;0;99;4
14098677;556,041;0;0;4;3;2;0;0;99;3
14100177;556,105;0;0;3;2;1;0;0;99;2
14101677;556,17;0;0;2;1;0;0;0;99;1
14103177;556,238;4;0;1;0;0;0;0;99;0
14104677;556,307;3;0;0;6;0;0;0;99;0
14106177;556,377;2;0;0;5;0;4;0;99;0
14107677;556,444;1;0;4;4;0;3;0;99;0
14109177;556,512;0;0;3;3;0;2;0;99;0
14110677;556,58;0;0;2;2;4;1;0;99;0
14112177;556,648;0;0;1;1;3;0;0;99;0
14113698;556,718;0;4;0;0;2;0;0;99;0
14115198;556,788;0;3;5;0;1;0;0;99;0
14116698;556,855;0;2;4;4;0;0;0;99;0
14118198;556,921;0;1;3;3;0;4;0;99;0
14119698;556,989;0;0;2;2;0;3;0;99;0
14121198;557,057;4;0;1;1;0;2;0;99;0
14122698;557,126;3;0;0;0;0;1;0;99;0
14124198;557,195;2;0;6;0;0;0;0;99;0
14125698;557,267;1;0;5;4;0;0;0;99;0
14127198;557,334;0;4;4;3;0;0;0;99;0
14128698;557,402;0;3;3;2;4;0;0;99;0
14130222;557,471;0;2;2;1;3;0;0;99;0
14131722;557,536;0;1;1;0;2;0;0;99;0
14133222;557,605;0;0;0;5;1;0;0;99;0
14134722;557,673;0;0;7;4;0;0;0;99;0
14136222;557,745;0;0;6;3;0;4;0;99;0
14137722;557,812;4;0;5;2;0;3;0;99;0
14139222;557,88;3;0;4;1;0;2;0;99;0
14140722;557,946;2;0;3;0;0;1;0;99;0
14142222;558,014;1;0;2;6;0;0;0;99;0
14143722;558,081;0;4;1;5;0;0;0;99;0
14145222;558,15;0;3;0;4;4;0;0;99;0
14146742;558,219;0;2;8;3;3;0;0;99;0
14148242;558,287;0;1;7;2;2;0;0;99;0
14149742;558,354;0;0;6;1;1;0;0;99;0
14151242;558,424;0;0;5;0;0;4;0;99;0
14152742;558,493;0;0;4;7;0;3;0;99;0
14154242;558,56;4;0;3;6;0;2;0;99;0
14155742;558,627;3;0;2;5;0;1;0;99;0
14157242;558,693;2;0;1;4;0;0;0;99;0
14158742;558,761;1;0;0;3;0;5;0;99;0
14160242;558,828;0;0;8;2;0;4;0;99;0
14161742;558,898;0;0;7;1;4;3;0;99;0
14163260;558,967;0;0;6;0;3;2;0;99;0
14164760;559,036;0;0;5;8;2;1;0;99;0
14166260;559,104;0;0;4;7;1;0;0;99;0
14167760;559,173;0;0;3;6;0;6;0;99;0
14169260;559,244;0;0;2;5;5;5;0;99;0
14170760;559,314;0;0;1;4;4;4;0;99;0
14172260;559,382;0;0;0;3;3;3;0;99;0
14173760;559,45;0;0;8;2;2;2;0;99;0
14175260;559,52;0;0;7;1;1;1;0;99;0
14176760;559,588;0;0;6;0;0;0;0;99;0
14178760;559,685;0;0;5;8;6;0;0;99;0
14180281;559,757;0;0;4;7;5;0;4;99;0
14181781;559,822;0;0;3;6;4;0;3;99;0
14183281;559,885;0;0;2;5;3;0;2;99;0
14184781;559,951;0;0;1;4;2;0;1;99;0
14186281;560,015;0;0;0;3;1;0;0;99;0
14187781;560,086;0;0;8;2;0;0;0;99;0
14189281;560,156;0;0;7;1;7;0;0;99;0
14190781;560,226;0;4;6;0;6;0;0;99;0
14192281;560,293;0;3;5;8;5;0;0;99;0
14193781;560,361;0;2;4;7;4;0;0;99;0
14195281;560,428;0;1;3;6;3;0;0;99;0
14196808;560,499;0;0;2;5;2;0;0;99;0
14198308;560,567;0;0;1;4;1;4;0;99;0
14199808;560,638;0;0;0;3;0;3;0;99;0
14201308;560,707;0;0;8;2;0;2;0;99;0
14202808;560,775;0;0;7;1;4;1;0;99;0
14204308;560,845;0;0;6;0;3;0;0;99;0
14205808;560,914;0;0;5;8;2;0;0;99;0
14207308;560,983;0;0;4;7;1;4;0;99;0
14208808;561,051;0;0;3;6;0;3;0;99;0
14210308;561,12;4;0;2;5;0;2;0;99;0
14211808;561,187;3;0;1;4;0;1;0;99;0
14213327;561,258;2;0;0;3;0;0;0;99;0
14214827;561,329;1;0;8;2;0;0;0;99;0
14216327;561,398;0;0;7;1;4;0;0;99;0
14217827;561,469;0;0;6;0;3;0;0;99;4
14219327;561,536;0;0;5;8;2;0;0;99;3
14220827;561,603;0;0;4;7;1;0;0;99;2
14222327;561,668;0;0;3;6;0;0;0;99;1
14223827;561,737;0;0;2;5;0;4;0;99;0
14225327;561,806;0;0;1;4;4;3;0;99;0
14226827;561,875;0;0;0;3;3;2;0;99;0
14228327;561,943;0;0;8;2;2;1;0;99;0
14229855;562,015;0;0;7;1;1;0;0;99;0
14231355;562,084;4;0;6;0;0;0;0;99;0
14232855;562,153;3;0;5;8;0;0;0;99;0
14234355;562,219;2;0;4;7;4;0;0;99;0
14235855;562,285;1;0;3;6;3;0;0;99;0
14237355;562,349;0;0;2;5;2;0;0;99;0
14238855;562,42;5;0;1;4;1;0;0;99;0
14240355;562,485;4;0;0;3;0;0;0;99;0
14241855;562,554;3;0;8;2;0;0;0;99;0
14243355;562,622;2;0;7;1;4;0;0;99;0
14244855;562,687;1;0;6;0;3;0;0;99;0
14246383;562,757;0;0;5;0;2;0;4;99;0
14247883;562,823;0;0;4;4;1;0;3;99;0
14249383;562,888;0;0;3;3;0;0;2;99;0
14250883;562,953;0;0;2;2;0;4;1;99;0
14252383;563,019;0;0;1;1;0;3;0;99;0
14253883;563,086;0;0;0;0;4;2;0;99;0
14255383;563,154;0;0;8;0;3;1;0;99;0
14256883;563,225;0;0;7;4;2;0;0;99;0
14258383;563,292;0;0;6;3;1;5;0;99;0
14259883;563,361;0;0;5;2;0;4;0;99;0
14261383;563,428;4;0;4;1;0;3;0;99;0
14262896;563,497;3;0;3;0;0;2;0;99;0
14264396;563,563;2;0;2;5;0;1;0;99;0
14265896;563,63;1;0;1;4;0;0;0;99;0
14267396;563,698;0;0;0;3;4;0;0;99;0
14268896;563,768;0;0;8;2;3;0;0;99;0
14270396;563,836;4;0;7;1;2;0;0;99;0
14271896;563,901;3;0;6;0;1;0;0;99;0
14273396;563,969;2;0;5;0;0;0;0;99;4
14274896;564,034;1;4;4;0;0;0;0;99;3
14276396;564,1;0;3;3;0;0;0;0;99;2
14277896;564,165;0;2;2;4;0;0;0;99;1
14279424;564,234;0;1;1;3;0;0;0;99;0
14280924;564,302;0;0;0;2;0;4;0;99;0
14282424;564,372;0;0;8;1;0;3;0;99;0
14283924;564,44;0;0;7;0;0;2;0;99;4
14285424;564,506;0;0;6;5;0;1;0;99;3
14286924;564,575;0;0;5;4;0;0;0;99;2
14288424;564,642;0;0;4;3;0;5;0;99;1
14289924;564,709;0;0;3;2;0;4;0;99;0
14291424;564,778;0;0;2;1;4;3;0;99;0
14292924;564,847;0;0;1;0;3;2;0;99;0
14294424;564,915;0;0;0;6;2;1;0;99;0
14295938;564,986;0;4;0;5;1;0;0;99;0
14297438;565,053;0;3;4;4;0;0;0;99;0
14298938;565,122;0;2;3;3;5;0;0;99;0
14300438;565,188;0;1;2;2;4;0;0;99;0
14301938;565,254;0;0;1;1;3;0;0;99;0
14303438;565,322;4;0;0;0;2;0;0;99;0
14304938;565,39;3;0;0;7;1;0;0;99;0
14306438;565,458;2;0;4;6;0;0;0;99;0
14307938;565,526;1;0;3;5;0;4;0;99;0
14309438;565,595;0;0;2;4;0;3;0;99;0
14310938;565,663;0;0;1;3;4;2;0;99;0
14312462;565,734;0;0;0;2;3;1;0;99;0
14313962;565,801;0;0;5;1;2;0;0;99;0
14315462;565,869;4;0;4;0;1;0;0;99;0
14316962;565,937;3;0;3;8;0;0;0;99;0
14318462;566,007;2;0;2;7;0;4;0;99;0
14319962;566,075;1;0;1;6;0;3;0;99;0
14321462;566,145;0;0;0;5;0;2;0;99;0
14322962;566,213;0;0;6;4;0;1;0;99;0
14324462;566,283;0;0;5;3;4;0;0;99;0
14325962;566,351;0;0;4;2;3;5;0;99;0
14327462;566,419;0;0;3;1;2;4;0;99;0
14328984;566,49;0;0;2;0;1;3;0;99;0
14330484;566,557;0;0;1;8;0;2;0;99;0
14331984;566,627;4;0;0;7;0;1;0;99;0
14333484;566,693;3;0;7;6;0;0;0;99;0
14334984;566,762;2;4;6;5;0;0;0;99;0
14336484;566,827;1;3;5;4;0;0;0;99;0
14337984;566,893;0;2;4;3;0;0;0;99;0
14339484;566,96;5;1;3;2;0;0;0;99;0
14340984;567,027;4;0;2;1;0;0;0;99;0
14342484;567,095;3;5;1;0;0;0;0;99;0
14343984;567,163;2;4;0;8;0;0;0;99;0
14345510;567,233;1;3;0;7;0;0;4;99;0
14347010;567,296;0;2;0;6;0;0;3;99;0
14348510;567,362;0;1;4;5;0;0;2;99;0
14350010;567,426;0;0;3;4;0;0;1;99;0
14351510;567,492;0;0;2;3;0;4;0;99;0
14353010;567,563;0;0;1;2;4;3;0;99;0
14354510;567,632;0;0;0;1;3;2;0;99;0
14356010;567,7;4;0;0;0;2;1;0;99;0
14357510;567,765;3;0;0;8;1;0;0;99;0
14359010;567,832;2;0;4;7;0;0;0;99;0
14360510;567,899;1;0;3;6;0;4;0;99;0
14362028;567,968;0;0;2;5;0;3;0;99;0
14363528;568,037;0;0;1;4;4;2;0;99;0
14365028;568,107;0;0;0;3;3;1;0;99;0
14366528;568,174;0;0;5;2;2;0;0;99;0
14368028;568,243;4;0;4;1;1;0;0;99;0
14369528;568,309;3;0;3;0;0;0;0;99;0
14371028;568,379;2;0;2;0;0;0;0;99;4
14372528;568,444;1;4;1;0;0;0;0;99;3
14374028;568,507;0;3;0;0;0;0;0;99;2
14375528;568,577;0;2;6;0;0;0;0;99;1
14377028;568,643;0;1;5;4;0;0;0;99;0
14378554;568,713;4;0;4;3;0;0;0;99;0
14380054;568,781;3;0;3;2;0;0;0;99;4
14381554;568,848;2;0;2;1;0;0;0;99;3
14383054;568,912;1;0;1;0;0;0;0;99;2
14384554;568,98;0;0;0;5;0;0;0;99;1
14386054;569,048;0;0;7;4;0;0;0;99;0
14387554;569,119;0;0;6;3;4;0;0;99;0
14389054;569,186;0;4;5;2;3;0;0;99;0
14390554;569,254;0;3;4;1;2;0;0;99;0
14392054;569,32;0;2;3;0;1;0;0;99;0
14393554;569,387;0;1;2;6;0;0;0;99;0
14395077;569,457;4;0;1;5;0;0;0;99;0
14396577;569,523;3;0;0;4;4;0;0;99;0
14398077;569,59;2;0;8;3;3;0;0;99;0
14399577;569,655;1;0;7;2;2;0;0;99;0
14401077;569,721;0;0;6;1;1;0;0;99;0
14402577;569,789;5;0;5;0;0;0;0;99;0
14404077;569,857;4;0;4;7;0;0;0;99;0
14405577;569,928;3;0;3;6;4;0;0;99;0
14407077;569,993;2;0;2;5;3;0;0;99;0
14408577;570,061;1;0;1;4;2;0;0;99;0
14410077;570,126;0;0;0;3;1;0;0;99;0
14411590;570,198;0;0;8;2;0;0;0;99;0
14413090;570,266;0;0;7;1;0;4;0;99;0
14414590;570,336;0;0;6;0;4;3;0;99;0
14416090;570,404;0;0;5;8;3;2;0;99;0
14417590;570,472;0;0;4;7;2;1;0;99;0
14419090;570,542;0;0;3;6;1;0;0;99;0
14420590;570,61;0;0;2;5;0;5;0;99;0
14422090;570,68;0;0;1;4;5;4;0;99;0
14423590;570,747;0;0;0;3;4;3;0;99;0
14425090;570,818;0;0;8;2;3;2;0;99;0
14426590;570,886;0;0;7;1;2;1;0;99;0
14428108;570,956;0;0;6;0;1;0;0;99;0
14429608;571,026;0;0;5;8;0;0;0;99;0
14431108;571,097;4;0;4;7;0;0;0;99;0
14432608;571,163;3;4;3;6;0;0;0;99;0
14434108;571,23;2;3;2;5;0;0;0;99;0
14435608;571,294;1;2;1;4;0;0;0;99;0
14437108;571,361;0;1;0;3;0;0;0;99;0
14438608;571,428;0;0;8;2;0;0;0;99;0
14440108;571,498;0;5;7;1;0;0;0;99;0
14441608;571,567;4;4;6;0;0;0;0;99;0
14443108;571,633;3;3;5;8;0;0;0;99;0
14444635;571,7;2;2;4;7;0;0;0;99;0
14446135;571,763;1;1;3;6;0;0;0;99;0
14447635;571,829;0;0;2;5;0;0;0;99;0
14449135;571,898;0;0;1;4;4;0;0;99;0
14450635;571,966;0;0;0;3;3;4;0;99;0
14452135;572,036;0;0;8;2;2;3;0;99;0
14453635;572,104;0;0;7;1;1;2;0;99;0
14455135;572,172;0;0;6;0;0;1;0;99;0
14456635;572,24;0;0;5;8;0;0;0;99;0
14458135;572,311;4;0;4;7;0;0;0;99;0
14459635;572,377;3;0;3;6;4;0;0;99;0
14461157;572,445;2;0;2;5;3;0;0;99;0
14462657;572,51;1;0;1;4;2;0;0;99;0
14464157;572,577;0;0;0;3;1;0;0;99;0
14465657;572,646;0;0;8;2;0;0;0;99;0
14467157;572,714;0;0;7;1;0;4;0;99;0
14468657;572,784;0;0;6;0;4;3;0;99;0
14470157;572,851;0;0;5;8;3;2;0;99;0
14471657;572,919;0;0;4;7;2;1;0;99;0
14473157;572,988;0;0;3;6;1;0;0;99;0
14474657;573,057;0;0;2;5;0;5;0;99;0
14476157;573,124;0;0;1;4;5;4;0;99;0
14477681;573,193;0;0;0;3;4;3;0;99;0
14479181;573,26;0;0;8;2;3;2;0;99;0
14480681;573,328;0;0;7;1;2;1;0;99;0
14482181;573,396;0;0;6;0;1;0;0;99;0
14483681;573,468;0;0;5;8;0;0;0;99;0
14485181;573,536;0;0;4;7;0;4;0;99;0
14486681;573,606;0;4;3;6;0;3;0;99;0
14488181;573,672;0;3;2;5;0;2;0;99;0
14489681;573,738;0;2;1;4;0;1;0;99;0
14491181;573,806;0;1;0;3;0;0;0;99;0
14492681;573,875;0;0;8;2;0;0;0;99;0
14494193;573,947;0;0;7;1;0;0;0;99;4
14495693;574,014;0;0;6;0;0;4;0;99;3
14497193;574,084;0;0;5;8;0;3;0;99;2
14498693;574,151;0;0;4;7;0;2;0;99;1
14500193;574,219;0;0;3;6;0;1;0;99;0
14501693;574,288;0;0;2;5;0;0;0;99;5
14503193;574,357;4;0;1;4;0;0;0;99;4
14504693;574,421;3;0;0;3;0;0;0;99;3
14506193;574,489;2;0;0;2;4;0;0;99;2
14507693;574,553;1;0;0;1;3;0;0;99;1
14509193;574,617;0;0;0;0;2;0;0;99;0
14511216;574,714;0;4;0;8;1;0;0;99;0
14512716;574,78;0;3;4;7;0;0;0;99;0
14514216;574,85;4;2;3;6;0;0;0;99;0
14515716;574,913;3;1;2;5;0;0;0;99;0
14517216;574,978;2;0;1;4;0;0;0;99;0
14518716;575,043;1;0;0;3;4;0;0;99;0
14520216;575,11;0;0;5;2;3;0;0;99;0
14521716;575,178;5;0;4;1;2;0;0;99;0
14523216;575,246;4;0;3;0;1;0;0;99;0
14524716;575,313;3;0;2;8;0;0;0;99;0
14526216;575,38;2;0;1;7;0;4;0;99;0
14527734;575,45;1;0;0;6;0;3;0;99;0
14529234;575,518;0;0;6;5;0;2;0;99;0
14530734;575,586;6;0;5;4;0;1;0;99;0
14532234;575,655;5;0;4;3;0;0;0;99;0
14533734;575,726;4;0;3;2;4;0;0;99;0
14535234;575,793;3;0;2;1;3;0;0;99;0
14536734;575,861;2;0;1;0;2;0;0;99;0
14538234;575,929;1;0;0;8;1;0;0;99;0
14539734;575,999;0;0;0;7;0;4;0;99;0
14541234;576,068;0;0;4;6;0;3;0;99;0
14542734;576,136;0;0;3;5;4;2;0;99;0
14544255;576,207;0;0;2;4;3;1;0;99;0
14545755;576,274;0;0;1;3;2;0;0;99;0
14547255;576,344;4;0;0;2;1;0;0;99;0
14548755;576,411;3;0;5;1;0;0;0;99;0
14550255;576,48;2;0;4;0;5;0;0;99;0
14551755;576,548;1;0;3;8;4;0;0;99;0
14553255;576,614;0;0;2;7;3;0;0;99;0
14554755;576,681;0;0;1;6;2;4;0;99;0
14556255;576,751;0;0;0;5;1;3;0;99;0
14557755;576,818;0;0;6;4;0;2;0;99;0
14559255;576,888;0;0;5;3;6;1;0;99;0
14560780;576,957;0;0;4;2;5;0;0;99;0
14562280;577,024;0;4;3;1;4;0;0;99;0
14563780;577,091;0;3;2;0;3;0;0;99;0
14565280;577,158;0;2;1;8;2;0;0;99;0
14566780;577,225;0;1;0;7;1;0;0;99;0
14568280;577,291;0;0;7;6;0;0;0;99;0
14569780;577,362;0;5;6;5;0;0;0;99;0
14571280;577,428;4;4;5;4;0;0;0;99;0
14572780;577,493;3;3;4;3;0;0;0;99;0
14574280;577,556;2;2;3;2;0;0;0;99;0
14575780;577,622;1;1;2;1;0;0;0;99;0
14577304;577,687;0;0;1;0;0;0;0;99;0
14579304;577,782;5;0;0;8;0;0;0;99;0
14580804;577,853;4;0;8;7;0;0;0;99;0
14582304;577,921;3;0;7;6;4;0;0;99;0
14583804;577,99;2;0;6;5;3;0;0;99;0
14585304;578,057;1;0;5;4;2;0;0;99;0
14586804;578,125;0;0;4;3;1;0;0;99;0
14588304;578,192;6;0;3;2;0;0;0;99;0
14589804;578,257;5;0;2;1;5;0;0;99;0
14591304;578,321;4;0;1;0;4;0;0;99;0
14592804;578,387;3;0;0;8;3;0;0;99;0
14594324;578,453;2;0;8;7;2;0;0;99;0
14595824;578,516;1;0;7;6;1;0;0;99;0
14597324;578,581;0;0;6;5;0;0;0;99;0
14598824;578,65;0;0;5;4;6;0;0;99;0
14600324;578,717;4;0;4;3;5;0;0;99;0
14601824;578,784;3;0;3;2;4;0;0;99;0
14603324;578,85;2;0;2;1;3;0;0;99;0
14604824;578,916;1;0;1;0;2;0;0;99;0
14606324;578,984;0;0;0;0;1;0;0;99;4
14607824;579,053;0;0;8;0;0;0;0;99;3
14609324;579,121;0;0;7;4;0;0;0;99;2
14610852;579,191;0;0;6;3;0;0;4;99;1
14612352;579,254;0;0;5;2;0;0;3;99;0
14613852;579,32;0;0;4;1;0;4;2;99;0
14615352;579,386;0;0;3;0;0;3;1;99;0
14616852;579,451;0;0;2;5;0;2;0;99;0
14618352;579,519;0;0;1;4;4;1;0;99;0
14619852;579,588;0;0;0;3;3;0;0;99;0
14621352;579,656;0;0;8;2;2;0;0;99;0
14622852;579,726;4;0;7;1;1;0;0;99;0
14624352;579,792;3;0;6;0;0;0;0;99;0
14625852;579,86;2;0;5;6;0;0;0;99;0
14627371;579,93;1;0;4;5;4;0;0;99;0
14628871;579,995;0;0;3;4;3;0;0;99;0
14630371;580,064;0;0;2;3;2;4;0;99;0
14631871;580,131;0;0;1;2;1;3;0;99;0
14633371;580,199;0;0;0;1;0;2;0;99;0
14634871;580,271;0;0;0;0;5;1;0;99;0
14636371;580,339;0;0;4;0;4;0;0;99;0
14637871;580,409;0;0;3;4;3;0;0;99;0
14639371;580,476;0;4;2;3;2;0;0;99;0
14640871;580,544;0;3;1;2;1;0;0;99;0
14642371;580,608;0;2;0;1;0;0;0;99;0
14643890;580,681;0;1;5;0;0;0;0;99;0
14645390;580,751;0;0;4;5;0;0;0;99;0
14646890;580,821;0;0;3;4;4;0;0;99;0
14648390;580,89;0;0;2;3;3;4;0;99;0
14649890;580,957;0;0;1;2;2;3;0;99;0
14651390;581,026;0;0;0;1;1;2;0;99;0
14652890;581,093;0;0;6;0;0;1;0;99;0
14654390;581,164;0;0;5;6;0;0;0;99;0
14655890;581,235;0;0;4;5;4;0;0;99;0
14657390;581,303;0;0;3;4;3;4;0;99;0
14658890;581,372;0;0;2;3;2;3;0;99;0
14660415;581,442;0;0;1;2;1;2;0;99;0
14661915;581,509;0;0;0;1;0;1;0;99;0
14663415;581,579;0;0;7;0;0;0;0;99;0
14665415;581,674;0;0;6;7;0;5;0;99;0
14666915;581,745;4;0;5;6;0;4;0;99;0
14668415;581,808;3;0;4;5;0;3;0;99;0
14669915;581,874;2;0;3;4;0;2;0;99;0
14671415;581,938;1;0;2;3;0;1;0;99;0
14672915;582,004;0;0;1;2;0;0;0;99;0
14674415;582,073;0;0;0;1;4;0;0;99;0
14675915;582,143;0;0;8;0;3;0;0;99;0
14677440;582,214;0;0;7;8;2;0;0;99;0
14678940;582,282;4;0;6;7;1;0;0;99;0
14680440;582,349;3;0;5;6;0;0;0;99;0
14681940;582,417;2;0;4;5;5;0;0;99;0
14683440;582,485;1;0;3;4;4;0;0;99;0
14684940;582,551;0;0;2;3;3;0;0;99;0
14686440;582,621;0;0;1;2;2;0;0;99;4
14687940;582,686;0;0;0;1;1;0;0;99;3
14689440;582,753;0;0;8;0;0;0;0;99;2
14690940;582,823;0;0;7;8;0;0;0;99;1
14692440;582,891;0;4;6;7;0;0;0;99;0
14693961;582,962;0;3;5;6;4;0;0;99;0
14695461;583,028;0;2;4;5;3;0;0;99;0
14696961;583,095;0;1;3;4;2;0;0;99;0
14698461;583,161;0;0;2;3;1;0;0;99;0
14699961;583,231;4;0;1;2;0;0;0;99;0
14701461;583,298;3;0;0;1;5;0;0;99;0
14702961;583,368;2;0;8;0;4;0;0;99;0
14704461;583,435;1;0;7;8;3;0;0;99;0
14705961;583,502;0;0;6;7;2;0;0;99;0
14707461;583,57;0;0;5;6;1;4;0;99;0
14708961;583,637;0;0;4;5;0;3;0;99;0
14710479;583,709;0;0;3;4;0;2;4;99;0
14711979;583,772;0;0;2;3;0;1;3;99;0
14713479;583,837;0;0;1;2;0;0;2;99;0
14714979;583,903;0;0;0;1;4;0;1;99;0
14716479;583,971;0;0;8;0;3;0;0;99;0
14717979;584,041;0;0;7;8;2;0;0;99;0
14719479;584,111;0;0;6;7;1;4;0;99;0
14720979;584,178;0;0;5;6;0;3;0;99;0
14722479;584,248;0;0;4;5;5;2;0;99;0
14723979;584,316;0;0;3;4;4;1;0;99;0
14725479;584,385;0;0;2;3;3;0;0;99;0
14726999;584,455;0;4;1;2;2;0;0;99;0
14728499;584,52;0;3;0;1;1;0;0;99;0
14729999;584,589;0;2;8;0;0;0;0;99;0
14731499;584,657;0;1;7;8;0;0;0;99;0
14732999;584,727;0;0;6;7;0;4;0;99;0
14734499;584,795;0;0;5;6;4;3;0;99;0
14735999;584,865;0;0;4;5;3;2;0;99;0
14737499;584,933;0;0;3;4;2;1;0;99;0
14738999;585,002;0;0;2;3;1;0;0;99;0
14740499;585,07;0;0;1;2;0;5;0;99;0
14741999;585,14;0;0;0;1;5;4;0;99;0
14743520;585,209;0;0;0;0;4;3;4;99;0
14745020;585,276;0;0;0;8;3;2;3;99;0
14746520;585,339;0;0;0;7;2;1;2;99;0
14748020;585,401;0;0;0;6;1;0;1;99;0
14749520;585,468;0;0;4;5;0;0;0;99;0
14751020;585,537;0;0;3;4;0;4;0;99;0
14752520;585,607;0;0;2;3;4;3;0;99;0
14754020;585,675;0;0;1;2;3;2;0;99;0
14755520;585,744;0;0;0;1;2;1;0;99;0
14757020;585,813;0;0;5;0;1;0;0;99;0
14758520;585,882;0;0;4;8;0;0;0;99;0
14760049;585,956;0;0;3;7;0;0;0;99;4
14761549;586,023;0;0;2;6;0;4;0;99;3
14763049;586,091;0;0;1;5;0;3;0;99;2
14764549;586,158;0;0;0;4;0;2;0;99;1
14766049;586,227;0;0;6;3;0;1;0;99;0
14767549;586,295;0;0;5;2;4;0;0;99;0
14769049;586,365;4;0;4;1;3;0;0;99;0
14770549;586,429;3;0;3;0;2;0;0;99;0
14772049;586,496;2;0;2;8;1;0;0;99;0
14773549;586,562;1;0;1;7;0;0;0;99;0
14775049;586,631;0;0;0;6;5;0;0;99;0
14776577;586,703;0;0;7;5;4;0;0;99;0
14778077;586,771;0;0;6;4;3;4;0;99;0
14779577;586,84;0;0;5;3;2;3;0;99;0
14781077;586,908;0;0;4;2;1;2;0;99;0
14782577;586,976;0;0;3;1;0;1;0;99;0
14784077;587,048;0;4;2;0;0;0;0;99;0
14785577;587,116;0;3;1;8;0;0;0;99;0
14787077;587,186;4;2;0;7;0;0;0;99;0
14788577;587,25;3;1;8;6;0;0;0;99;0
14790077;587,315;2;0;7;5;0;0;0;99;0
14791577;587,382;1;0;6;4;4;0;0;99;0
14793099;587,448;0;0;5;3;3;0;0;99;0
14794599;587,517;0;0;4;2;2;4;0;99;0
14796099;587,585;0;0;3;1;1;3;0;99;0
14797599;587,653;0;0;2;0;0;2;0;99;0
14799099;587,724;0;0;1;8;0;1;0;99;0
14800599;587,793;0;0;0;7;4;0;0;99;0
14802099;587,864;0;0;8;6;3;0;0;99;0
14803599;587,932;0;0;7;5;2;4;0;99;0
14805099;588,001;0;0;6;4;1;3;0;99;0
14806599;588,07;0;0;5;3;0;2;0;99;0
14808099;588,14;4;0;4;2;0;1;0;99;0
14809617;588,207;3;0;3;1;0;0;0;99;0
14811117;588,276;2;0;2;0;4;0;0;99;0
14812617;588,341;1;0;1;8;3;0;0;99;0
14814117;588,408;0;0;0;7;2;0;0;99;0
14815617;588,477;0;0;8;6;1;0;0;99;0
14817117;588,547;0;0;7;5;0;4;0;99;0
14818617;588,614;4;0;6;4;0;3;0;99;0
14820117;588,679;3;0;5;3;0;2;0;99;0
14821617;588,745;2;0;4;2;0;1;0;99;0
14823117;588,811;1;0;3;1;0;0;0;99;0
14824617;588,88;0;0;2;0;4;0;0;99;0
14826141;588,95;0;0;1;8;3;0;0;99;0
14827641;589,02;4;0;0;7;2;0;0;99;0
14829141;589,085;3;4;0;6;1;0;0;99;0
14830641;589,151;2;3;0;5;0;0;0;99;0
14832141;589,218;1;2;0;4;0;0;0;99;4
14833641;589,283;0;1;0;3;0;0;0;99;3
14835141;589,35;0;0;4;2;0;0;0;99;2
14836641;589,416;0;0;3;1;0;4;0;99;1
14838141;589,483;0;0;2;0;0;3;0;99;0
14839641;589,552;0;0;1;8;0;2;0;99;0
14841141;589,623;0;0;0;7;0;1;0;99;4
14842661;589,692;0;4;0;6;0;0;0;99;3
14844161;589,759;0;3;4;5;0;0;0;99;2
14845661;589,826;0;2;3;4;0;0;0;99;1
14847161;589,891;0;1;2;3;0;0;0;99;0
14848661;589,959;0;0;1;2;4;0;0;99;0
